1638316800000,207.99,211.00,206.57,210.63,112319.250,1638320399999,23496456.92704,36715,58674.325,12281045.37944,0
1638320400000,210.63,210.63,208.62,209.14,61165.891,1638323999999,12822380.97561,21404,29321.280,6146508.80115,0
1638324000000,209.14,211.22,207.77,211.14,65994.220,1638327599999,13822833.56813,24542,33344.340,6985478.13045,0
1638327600000,211.13,214.77,210.52,212.59,114056.627,1638331199999,24201085.06304,43103,57038.780,12104140.41571,0
1638331200000,212.56,212.68,210.24,211.28,46181.169,1638334799999,9751773.42587,25607,22484.452,4748897.62987,0
1638334800000,211.27,211.67,209.69,209.82,43403.388,1638338399999,9137404.89597,26254,18596.927,3915837.85065,0
1638338400000,209.80,214.73,209.36,212.89,85993.175,1638341999999,18234769.79214,38350,47582.031,10088020.15697,0
1638342000000,212.89,216.67,211.84,215.75,136349.965,1638345599999,29260383.69830,48919,70891.476,15214073.63201,0
1638345600000,215.76,216.69,212.07,212.92,186670.320,1638349199999,40041342.50026,51090,84012.366,18016600.49696,0
1638349200000,212.91,214.26,211.00,213.98,83481.467,1638352799999,17736334.18102,31980,41638.431,8846294.18704,0
1638352800000,213.98,214.56,211.61,212.59,57844.616,1638356399999,12320203.23352,30613,27577.195,5873449.31057,0
1638356400000,212.60,213.50,211.42,212.34,51644.184,1638359999999,10961935.13347,30594,23730.416,5038060.82703,0
1638360000000,212.34,213.70,210.01,210.49,108113.045,1638363599999,22899030.54662,34470,45926.246,9731918.32796,0
1638363600000,210.46,214.28,210.27,213.35,75551.856,1638367199999,16073211.82488,32738,37418.633,7959457.65886,0
1638367200000,213.33,217.94,213.19,216.54,128122.921,1638370799999,27649311.66464,49846,60554.212,13068666.08986,0
1638370800000,216.56,217.46,214.61,215.34,90592.077,1638374399999,19562712.90299,33673,39263.311,8482301.83026,0
1638374400000,215.33,217.45,213.66,214.09,104408.314,1638377999999,22515811.38739,35125,48351.157,10432141.96863,0
1638378000000,214.09,214.93,211.90,212.10,66775.256,1638381599999,14262538.97133,30933,29402.546,6281946.68009,0
1638381600000,212.09,212.92,211.00,211.18,82451.263,1638385199999,17488780.65683,26728,39281.878,8336139.36062,0
1638385200000,211.18,211.94,208.44,210.96,109678.307,1638388799999,23056912.22668,36795,54190.745,11394522.23984,0
1638388800000,210.97,211.13,206.76,207.89,132412.993,1638392399999,27615501.07254,45421,60267.635,12572760.34275,0
1638392400000,207.84,208.22,205.25,207.30,98547.302,1638395999999,20366506.96189,37027,45971.641,9504313.22963,0
1638396000000,207.28,208.10,205.95,207.47,54700.590,1638399599999,11330719.79606,20548,26325.819,5455251.31959,0
1638399600000,207.47,209.79,207.23,208.78,70148.019,1638403199999,14621013.83065,28021,38834.860,8094392.86153,0
1638403200000,208.78,209.59,205.81,208.04,94396.202,1638406799999,19611149.56906,35518,39613.904,8234183.84101,0
1638406800000,208.04,210.26,206.58,209.24,69823.110,1638410399999,14569343.49810,26438,36801.154,7677976.70871,0
1638410400000,209.25,209.35,206.73,207.23,49581.200,1638413999999,10287542.67267,19997,21828.890,4530260.01586,0
1638414000000,207.23,207.25,200.03,202.37,230164.236,1638417599999,46647409.23180,69308,95557.293,19352893.14887,0
1638417600000,202.38,203.66,202.11,203.08,66758.378,1638421199999,13552991.42447,25416,32701.455,6640031.86904,0
1638421200000,203.08,204.57,202.68,204.14,60172.552,1638424799999,12272516.31338,20946,29921.199,6103616.94183,0
1638424800000,204.14,204.25,202.51,203.78,51781.126,1638428399999,10533754.93956,25500,22584.233,4594622.11828,0
1638428400000,203.78,204.93,203.58,204.07,49853.671,1638431999999,10177879.35179,22604,26983.177,5508628.57980,0
1638432000000,204.07,205.50,203.83,204.97,65372.783,1638435599999,13386967.26170,27306,34452.990,7055758.86206,0
1638435600000,204.98,206.31,204.77,204.87,87558.407,1638439199999,17983428.05876,34366,37073.895,7617829.75844,0
1638439200000,204.86,206.10,203.30,205.03,68163.638,1638442799999,13964987.21439,31891,33826.262,6932754.54463,0
1638442800000,205.04,205.40,202.03,203.96,119740.972,1638446399999,24372181.42893,37066,50961.325,10374439.08778,0
1638446400000,203.99,205.18,202.31,204.61,105628.161,1638449999999,21520954.40646,33626,54337.412,11073374.62982,0
1638450000000,204.64,205.15,202.09,203.84,75621.031,1638453599999,15387351.44654,32610,34932.712,7109529.17923,0
1638453600000,203.81,206.98,202.80,205.81,96795.860,1638457199999,19828444.34327,33724,46978.538,9627089.21853,0
1638457200000,205.78,207.06,202.91,205.33,106702.487,1638460799999,21853907.05052,42444,48794.093,9993584.78483,0
1638460800000,205.34,206.33,202.23,203.86,96051.971,1638464399999,19614771.61811,34361,46086.797,9411464.42516,0
1638464400000,203.84,205.87,203.53,205.59,55334.837,1638467999999,11339465.00003,25118,25290.244,5183206.80232,0
1638468000000,205.60,207.34,204.26,207.09,62835.267,1638471599999,12921022.43486,29868,32586.781,6703494.02414,0
1638471600000,207.09,207.14,205.06,205.61,48586.607,1638475199999,10017619.72446,23863,25090.455,5173178.37035,0
1638475200000,205.61,207.07,205.10,206.68,47276.543,1638478799999,9756077.34882,24761,24512.194,5058186.87549,0
1638478800000,206.69,206.73,205.35,206.09,42160.421,1638482399999,8684458.51734,21437,21427.835,4414498.07734,0
1638482400000,206.09,206.09,204.56,204.81,27884.655,1638485999999,5720992.73451,18260,14010.788,2874597.25986,0
1638486000000,204.81,204.85,203.12,203.51,44419.092,1638489599999,9056183.62369,23010,21533.849,4390644.48493,0
1638489600000,203.52,204.51,202.79,203.08,48650.423,1638493199999,9905020.67917,21884,24626.791,5015192.48536,0
1638493200000,203.08,203.95,202.26,202.78,53693.936,1638496799999,10902720.45331,23147,24151.072,4905400.36428,0
1638496800000,202.78,203.29,200.53,201.09,77188.468,1638500399999,15593661.90699,30949,31130.456,6289914.03830,0
1638500400000,201.11,201.42,198.14,200.24,114908.585,1638503999999,23001708.44767,40504,50804.014,10174366.19614,0
1638504000000,200.29,201.95,199.77,201.42,63528.870,1638507599999,12771063.34227,27131,33951.054,6826970.36437,0
1638507600000,201.42,203.45,201.01,202.74,57089.053,1638511199999,11543581.59634,20591,29231.721,5911902.05544,0
1638511200000,202.74,204.18,202.56,204.02,49551.158,1638514799999,10085696.94018,20142,24647.184,5016845.94455,0
1638514800000,204.04,204.08,202.49,203.47,49704.065,1638518399999,10100621.52425,16823,22518.686,4575568.09662,0
1638518400000,203.47,203.91,202.92,203.75,45754.941,1638521999999,9310149.06882,21273,23994.862,4883220.98391,0
1638522000000,203.75,205.57,203.08,205.57,66160.514,1638525599999,13505962.84150,26203,38968.037,7958170.74829,0
1638525600000,205.57,207.85,204.60,205.27,129726.094,1638529199999,26749668.65272,37410,61468.538,12679822.43040,0
1638529200000,205.26,207.09,205.26,206.62,63579.531,1638532799999,13120851.45121,28329,32444.308,6696412.39006,0
1638532800000,206.58,207.44,205.03,205.51,69096.152,1638536399999,14259876.61786,29507,28464.490,5875499.04863,0
1638536400000,205.50,208.28,205.30,205.40,107438.769,1638539999999,22202388.94217,34399,53956.367,11155660.75542,0
1638540000000,205.40,205.57,201.43,202.01,136139.413,1638543599999,27733819.84768,37549,50138.909,10220184.09325,0
1638543600000,202.01,202.20,197.08,198.36,214188.193,1638547199999,42843436.14236,64601,91471.050,18311696.00133,0
1638547200000,198.37,198.39,192.63,193.54,306316.136,1638550799999,59799162.47231,96607,137439.319,26843153.20942,0
1638550800000,193.54,194.83,191.01,194.24,151630.284,1638554399999,29324188.04925,48515,71108.643,13764971.73506,0
1638554400000,194.23,195.73,192.37,194.47,101435.363,1638557999999,19712202.24246,34782,53065.482,10316193.39478,0
1638558000000,194.45,194.55,188.35,189.30,182278.315,1638561599999,34815944.71657,62395,76143.638,14545823.23418,0
1638561600000,189.30,189.49,178.10,188.27,607085.925,1638565199999,112458219.76339,142628,271186.510,50282823.67336,0
1638565200000,188.30,191.33,187.95,189.63,151220.744,1638568799999,28723925.27120,42463,75840.816,14409394.86590,0
1638568800000,189.63,189.73,187.16,187.50,84916.498,1638572399999,16014133.39408,25769,36328.194,6853193.81472,0
1638572400000,187.49,190.28,187.29,187.94,91050.905,1638575999999,17183295.47611,31895,50589.989,9549428.27344,0
1638576000000,187.93,189.17,183.65,184.44,131797.057,1638579599999,24536629.51953,38852,52431.480,9769418.07981,0
1638579600000,184.44,185.00,182.00,184.01,137876.466,1638583199999,25294016.59058,48528,66885.468,12273363.88215,0
1638583200000,184.02,184.75,182.56,184.72,62189.044,1638586799999,11435530.34165,23990,31028.109,5706663.48932,0
1638586800000,184.72,184.81,175.15,175.62,195766.167,1638590399999,35266576.61089,69251,71612.253,12935650.34974,0
1638590400000,175.59,181.64,158.23,167.00,496466.578,1638593999999,85081684.07190,122613,202931.406,34944348.67894,0
1638594000000,166.99,168.57,128.64,153.82,2082095.631,1638597599999,312338671.89617,409441,957287.869,143660700.68006,0
1638597600000,153.85,157.50,149.82,152.76,774174.195,1638601199999,119155667.77524,176472,373752.142,57553300.14817,0
1638601200000,152.76,153.85,148.29,151.44,443702.453,1638604799999,66984713.58163,120331,201734.169,30468414.79391,0
1638604800000,151.46,155.20,150.66,152.69,257977.086,1638608399999,39553447.84102,71065,129491.936,19858608.56310,0
1638608400000,152.71,156.71,151.77,153.23,276254.573,1638611999999,42404036.20154,68188,145492.496,22336837.97622,0
1638612000000,153.23,154.11,149.41,152.06,289070.410,1638615599999,43815192.47266,70141,132561.339,20092005.86854,0
1638615600000,152.05,152.08,146.47,149.25,299185.395,1638619199999,44737842.13667,79054,143162.383,21419484.31387,0
1638619200000,149.28,153.74,149.28,152.40,190667.090,1638622799999,28966883.32394,53453,99806.180,15165118.85232,0
1638622800000,152.44,154.50,149.97,153.84,146762.088,1638626399999,22387909.02001,46954,71722.492,10949589.50165,0
1638626400000,153.83,157.50,152.77,157.40,203948.229,1638629999999,31546520.79084,52899,99921.931,15468756.15685,0
1638630000000,157.40,161.17,157.07,158.64,262441.481,1638633599999,41745985.94979,71641,116423.103,18527541.45660,0
1638633600000,158.64,160.12,155.25,155.69,193601.038,1638637199999,30524156.68930,55294,84447.244,13333042.99303,0
1638637200000,155.69,157.91,155.30,157.49,105228.484,1638640799999,16480669.93948,30017,52069.037,8159088.57142,0
1638640800000,157.49,160.20,156.93,160.15,107423.060,1638644399999,17045294.40176,34459,57068.608,9059323.92845,0
1638644400000,160.14,164.71,159.01,163.99,140043.747,1638647999999,22725097.96279,50586,70670.326,11467910.29267,0
1638648000000,163.99,166.44,162.44,165.74,148390.684,1638651599999,24393929.32623,47035,68239.969,11220417.48709,0
1638651600000,165.76,166.00,161.35,162.15,142565.193,1638655199999,23267446.98302,39667,62642.335,10217601.57553,0
1638655200000,162.15,165.21,162.14,165.12,75301.160,1638658799999,12339874.72246,24989,40152.511,6576896.97708,0
1638658800000,165.12,166.53,161.51,162.74,113550.419,1638662399999,18573783.32413,35231,52127.902,8527809.59342,0
1638662400000,162.75,164.97,157.40,161.26,234912.130,1638665999999,37935404.09545,68980,111741.134,18054536.52737,0
1638666000000,161.25,162.73,159.17,161.49,108130.133,1638669599999,17381230.34480,35635,53324.367,8569472.95694,0
1638669600000,161.49,162.64,160.28,161.53,59691.432,1638673199999,9630630.75200,22822,31026.337,5005062.07096,0
1638673200000,161.51,162.66,159.95,161.61,78409.874,1638676799999,12674683.91936,24805,37142.694,6003570.93295,0
1638676800000,161.61,161.95,158.60,158.91,72075.080,1638680399999,11523461.67987,28416,35147.481,5619604.76454,0
1638680400000,158.90,161.17,158.70,160.82,86941.639,1638683999999,13917266.08358,25620,46680.083,7471949.77141,0
1638684000000,160.82,162.53,159.35,161.48,133199.985,1638687599999,21444003.08244,31117,72027.296,11595395.44327,0
1638687600000,161.48,161.98,158.88,159.62,85184.618,1638691199999,13658456.14307,24508,41753.578,6697583.26403,0
1638691200000,159.62,160.61,158.29,160.15,91310.209,1638694799999,14561597.83130,23683,43882.617,7001473.78817,0
1638694800000,160.16,160.16,156.05,157.15,116596.961,1638698399999,18388187.00233,37931,51471.118,8118143.00369,0
1638698400000,157.15,159.34,156.55,157.91,70268.940,1638701999999,11119648.33798,23885,36017.897,5699006.64218,0
1638702000000,157.89,159.11,156.50,157.80,58869.143,1638705599999,9296441.09627,21313,30779.447,4861413.63242,0
1638705600000,157.75,160.03,156.25,158.40,97415.008,1638709199999,15462172.25650,28456,46600.720,7399578.58586,0
1638709200000,158.41,158.43,156.49,157.19,69748.044,1638712799999,10981726.22636,22661,33294.322,5241389.53165,0
1638712800000,157.19,157.47,151.90,153.11,288890.302,1638716399999,44445002.58861,74446,128518.965,19768226.84419,0
1638716400000,153.11,155.83,147.83,150.35,425886.351,1638719999999,64375141.00548,102498,201016.534,30410405.55605,0
1638720000000,150.34,156.10,149.83,153.16,496522.207,1638723599999,76219993.32223,99336,255606.259,39240190.26020,0
1638723600000,153.16,155.54,151.82,155.12,127672.869,1638727199999,19642238.76820,30551,65305.676,10050694.24753,0
1638727200000,155.12,155.25,153.55,153.60,66049.213,1638730799999,10194550.62085,18897,32943.637,5084200.21638,0
1638730800000,153.59,154.08,150.51,154.06,108442.376,1638734399999,16495318.31692,26965,55020.320,8367903.48266,0
1638734400000,154.05,155.55,152.39,154.41,82003.646,1638737999999,12647770.14002,24274,38386.990,5919037.13120,0
1638738000000,154.41,155.41,151.18,154.68,125250.780,1638741599999,19244005.09720,31492,64184.350,9859792.47804,0
1638741600000,154.68,155.50,152.74,155.42,79266.721,1638745199999,12230336.08423,22027,41747.412,6442327.81150,0
1638745200000,155.41,157.19,154.21,156.25,115646.753,1638748799999,18015360.85737,31532,62848.847,9792429.96805,0
1638748800000,156.29,156.36,150.05,151.66,177119.891,1638752399999,26973778.98548,51059,87054.338,13254408.13199,0
1638752400000,151.68,154.21,150.60,153.14,136709.786,1638755999999,20849008.78538,35979,65951.631,10057524.11737,0
1638756000000,153.15,154.62,152.75,153.07,72703.239,1638759599999,11169479.14085,24026,34062.261,5233900.55548,0
1638759600000,153.07,155.35,153.07,154.51,92235.247,1638763199999,14220715.83756,28196,49361.178,7608983.80452,0
1638763200000,154.51,155.78,153.92,153.98,63797.997,1638766799999,9879988.22558,21824,31664.120,4904193.88172,0
1638766800000,153.98,154.57,151.31,151.32,66265.422,1638770399999,10147640.54252,24002,32481.469,4974986.56569,0
1638770400000,151.32,152.60,148.42,148.69,96681.604,1638773999999,14571550.45817,31258,44363.730,6692252.92729,0
1638774000000,148.67,149.38,145.80,147.25,175993.966,1638777599999,25928610.71582,47884,87358.733,12873521.99707,0
1638777600000,147.22,150.95,144.03,146.46,321350.803,1638781199999,47250771.32307,79560,157181.672,23123716.50752,0
1638781200000,146.45,147.37,141.29,143.07,250057.195,1638784799999,35938004.74338,65231,114733.955,16499123.32418,0
1638784800000,143.05,144.87,141.66,142.89,161834.839,1638788399999,23185215.81072,39995,86256.724,12361119.16083,0
1638788400000,142.89,149.08,141.20,148.31,263564.795,1638791999999,38265488.72765,61896,137411.045,19953381.16862,0
1638792000000,148.25,149.86,146.31,147.50,172149.541,1638795599999,25517314.18020,48637,87229.076,12934675.07174,0
1638795600000,147.46,149.10,145.58,146.91,110635.847,1638799199999,16300996.78005,34332,55095.913,8119072.94008,0
1638799200000,146.91,148.90,145.43,147.19,198524.902,1638802799999,29153282.06845,47639,95803.382,14074504.34621,0
1638802800000,147.18,151.69,145.91,151.56,181375.904,1638806399999,27082933.91754,43726,91630.327,13682531.33313,0
1638806400000,151.60,152.57,150.25,152.48,162576.815,1638809999999,24625082.30096,37791,76649.653,11614936.76582,0
1638810000000,152.49,153.12,151.02,151.36,101077.992,1638813599999,15373784.10822,23504,45837.473,6975038.43333,0
1638813600000,151.37,152.05,150.00,151.59,78223.754,1638817199999,11814294.00926,20692,36772.158,5557183.85733,0
1638817200000,151.59,153.47,151.54,152.82,74500.255,1638820799999,11381570.84124,20545,37386.842,5710715.21568,0
1638820800000,152.82,154.80,152.55,153.39,82154.207,1638824399999,12629770.47301,22600,39276.779,6038386.45261,0
1638824400000,153.39,160.46,153.29,158.98,153706.895,1638827999999,24182021.30546,44882,74943.500,11789620.46274,0
1638828000000,158.96,164.14,158.92,163.48,138434.644,1638831599999,22421815.36605,41237,71877.355,11643552.04707,0
1638831600000,163.48,164.40,161.26,161.26,159038.116,1638835199999,25860107.94399,32751,67330.666,10949283.43887,0
1638835200000,161.26,162.19,160.17,161.80,119110.063,1638838799999,19218975.94723,27764,62928.458,10160542.83837,0
1638838800000,161.80,163.40,159.21,159.89,136282.769,1638842399999,21964391.45846,32834,65705.863,10603248.09606,0
1638842400000,159.85,160.26,158.57,158.94,61327.525,1638845999999,9779820.21446,22573,27035.774,4312837.93275,0
1638846000000,158.94,160.80,158.80,159.86,64596.992,1638849599999,10329030.67527,18508,33494.640,5357088.15799,0
1638849600000,159.87,160.90,159.36,159.85,60976.530,1638853199999,9764857.08255,18093,30729.257,4922049.23021,0
1638853200000,159.85,160.52,158.70,158.96,58560.588,1638856799999,9347344.88703,17363,26094.640,4167169.00885,0
1638856800000,158.96,160.50,158.68,160.12,57111.921,1638860399999,9119472.48151,18404,29717.430,4744781.22605,0
1638860400000,160.12,160.90,158.07,158.86,94578.418,1638863999999,15056511.93360,24303,44454.798,7077121.25617,0
1638864000000,158.86,161.83,158.28,161.48,152975.695,1638867599999,24548081.43782,32035,82599.067,13252638.05151,0
1638867600000,161.47,162.30,159.66,160.06,152343.183,1638871199999,24549683.39994,32886,82189.648,13254286.50365,0
1638871200000,160.05,161.74,159.47,161.21,81263.139,1638874799999,13052931.84493,19353,39914.270,6411422.89305,0
1638874800000,161.19,165.32,161.02,164.60,178523.292,1638878399999,29158876.75404,42220,92268.163,15067481.03266,0
1638878400000,164.61,165.73,159.10,161.30,255548.189,1638881999999,41359137.18461,63956,116132.988,18807875.88298,0
1638882000000,161.31,162.45,160.32,160.72,84847.222,1638885599999,13693269.41527,28916,41664.445,6724652.70944,0
1638885600000,160.72,162.87,160.15,162.66,83980.026,1638889199999,13592197.27508,24606,47426.297,7680090.95267,0
1638889200000,162.67,163.97,161.58,162.93,130520.078,1638892799999,21265051.76743,34346,64989.085,10590757.59609,0
1638892800000,162.93,163.70,160.95,162.12,123370.542,1638896399999,20012820.55746,30719,52681.698,8546884.96966,0
1638896400000,162.12,163.48,160.07,163.14,112659.829,1638899999999,18225068.80873,28683,56096.526,9080180.54226,0
1638900000000,163.12,163.93,161.31,162.28,90663.578,1638903599999,14747704.00266,23850,44314.640,7206880.43639,0
1638903600000,162.28,163.88,160.32,163.54,88976.454,1638907199999,14466830.29173,25583,44757.793,7283298.05995,0
1638907200000,163.54,164.20,159.12,160.07,172259.912,1638910799999,27884749.40992,39561,91954.902,14905056.75049,0
1638910800000,160.07,162.41,159.59,160.78,86192.860,1638914399999,13877745.22558,25866,46603.267,7501710.62666,0
1638914400000,160.78,161.09,158.75,159.50,75358.796,1638917999999,12038292.93221,22199,33641.030,5377335.73492,0
1638918000000,159.55,162.24,159.10,161.76,69943.843,1638921599999,11261609.92749,21081,38587.727,6217726.59612,0
1638921600000,161.76,163.49,159.75,163.25,92182.747,1638925199999,14908862.45379,31246,47561.323,7698811.34988,0
1638925200000,163.24,164.06,161.23,161.84,85408.217,1638928799999,13898596.32824,23686,42319.459,6891399.97408,0
1638928800000,161.85,164.08,160.78,160.96,58303.502,1638932399999,9479550.46119,19999,26347.815,4284574.30189,0
1638932400000,160.95,162.54,159.35,159.84,69022.916,1638935999999,11107380.25576,23145,32405.575,5215745.27707,0
1638936000000,159.84,161.56,159.61,160.71,49542.682,1638939599999,7959501.82239,17517,23628.657,3796291.81797,0
1638939600000,160.73,161.77,159.93,160.08,44035.107,1638943199999,7082394.82465,15980,21972.157,3534171.47637,0
1638943200000,160.04,162.74,160.00,162.41,71680.621,1638946799999,11582404.53926,22811,39650.511,6406544.16858,0
1638946800000,162.41,166.00,161.59,164.68,180058.328,1638950399999,29495647.69590,43170,94807.417,15537665.38919,0
1638950400000,164.67,170.13,164.54,167.47,359640.475,1638953999999,60206155.55245,74916,181443.676,30374053.46448,0
1638954000000,167.45,168.26,162.84,162.99,169669.420,1638957599999,28085884.15166,43461,76614.637,12680565.75243,0
1638957600000,163.01,165.66,158.01,158.16,281333.824,1638961199999,45503846.30504,68112,133799.806,21662005.94472,0
1638961200000,158.18,159.52,155.90,158.74,225789.230,1638964799999,35679762.15321,61342,108941.834,17224923.43996,0
1638964800000,158.73,160.25,156.69,160.02,140241.707,1638968399999,22250533.51178,38219,70634.539,11215200.37091,0
1638968400000,160.00,160.77,158.40,159.75,100185.008,1638971999999,16010674.53528,30644,50224.202,8028559.22030,0
1638972000000,159.75,165.77,159.05,165.29,217190.354,1638975599999,35466204.65793,59795,109631.902,17898125.84825,0
1638975600000,165.29,169.65,165.00,165.80,222098.717,1638979199999,37024644.20671,59394,105294.628,17556757.15099,0
1638979200000,165.80,166.46,162.94,164.07,135807.308,1638982799999,22371482.95495,35137,61999.092,10215286.48863,0
1638982800000,164.07,164.72,162.83,163.23,61853.212,1638986399999,10127445.29477,19123,29153.790,4775222.72371,0
1638986400000,163.23,165.09,162.47,164.57,77718.882,1638989999999,12736985.74801,25146,40915.995,6708687.83672,0
1638990000000,164.58,165.66,163.88,164.58,59850.220,1638993599999,9862598.12521,18912,31897.424,5257597.70802,0
1638993600000,164.59,165.27,163.34,164.70,57619.509,1638997199999,9461910.06167,18089,27947.543,4590183.79733,0
1638997200000,164.71,165.30,163.66,164.23,41682.435,1639000799999,6856447.15839,14021,19610.510,3226700.95735,0
1639000800000,164.22,164.92,162.00,162.63,62006.806,1639004399999,10150034.66940,18601,27866.124,4563656.61142,0
1639004400000,162.63,165.33,162.37,165.03,75344.820,1639007999999,12372745.15624,22570,40849.471,6710968.24611,0
1639008000000,165.01,166.96,163.10,163.34,107054.416,1639011599999,17676332.91401,30826,51783.720,8554449.35942,0
1639011600000,163.34,164.16,162.35,162.54,56468.017,1639015199999,9226818.63261,18478,26643.060,4354571.27044,0
1639015200000,162.53,163.13,159.63,161.21,111311.817,1639018799999,17949659.20913,31327,50023.696,8068382.70872,0
1639018800000,161.23,161.62,158.76,159.63,84161.023,1639022399999,13480788.54750,23611,37158.896,5955771.02880,0
1639022400000,159.62,161.21,159.19,160.98,51661.655,1639025999999,8295707.35785,15591,29156.674,4682311.33444,0
1639026000000,160.99,162.08,160.24,161.27,47274.121,1639029599999,7621012.67471,14901,23524.682,3793050.82055,0
1639029600000,161.26,161.86,159.60,160.79,50667.778,1639033199999,8148674.50961,17418,24792.117,3987679.36094,0
1639033200000,160.81,162.90,158.21,161.79,146146.191,1639036799999,23472882.84241,34590,75803.943,12177499.18568,0
1639036800000,161.78,161.87,158.97,160.03,85964.167,1639040399999,13787421.24321,24537,40929.832,6565597.21806,0
1639040400000,160.03,160.05,157.30,159.27,130452.457,1639043999999,20706250.62462,39541,62098.948,9861147.83175,0
1639044000000,159.27,160.15,157.66,159.47,79809.245,1639047599999,12693386.92575,26222,39585.691,6297192.69960,0
1639047600000,159.48,160.49,158.64,159.33,65034.959,1639051199999,10376024.04488,21422,32922.627,5254345.52650,0
1639051200000,159.32,160.57,157.85,160.08,82326.750,1639054799999,13140839.80755,22189,38260.148,6107544.61562,0
1639054800000,160.06,160.15,158.67,159.55,48504.542,1639058399999,7727656.93862,17359,23787.803,3790566.64765,0
1639058400000,159.56,159.92,153.07,153.85,226029.599,1639061999999,35171191.73028,54329,94783.578,14741609.53470,0
1639062000000,153.84,156.14,152.43,155.31,194178.923,1639065599999,29985954.12542,43867,99446.482,15366640.68031,0
1639065600000,155.32,157.13,154.42,156.52,127015.778,1639069199999,19808786.79812,28305,68914.866,10751298.93194,0
1639069200000,156.53,157.40,153.95,154.62,65089.264,1639072799999,10158255.78716,19925,29549.740,4611938.85683,0
1639072800000,154.63,155.74,152.03,153.48,126567.768,1639076399999,19467051.42636,30576,61112.211,9402279.97124,0
1639076400000,153.49,155.20,153.21,153.89,80849.933,1639079999999,12468381.20777,22621,40913.406,6309251.34449,0
1639080000000,153.87,154.47,152.12,153.62,90117.142,1639083599999,13807766.24346,23505,48382.465,7413769.17075,0
1639083600000,153.62,155.05,152.99,154.34,73362.134,1639087199999,11297626.41947,19637,38789.353,5975138.09116,0
1639087200000,154.32,155.93,153.65,154.59,44893.257,1639090799999,6953799.98492,17824,21722.515,3364259.96331,0
1639090800000,154.57,155.01,151.07,151.16,77869.198,1639094399999,11933953.50857,23029,34992.080,5367825.59730,0
1639094400000,151.15,155.87,150.72,153.07,130413.000,1639097999999,19989748.66841,35094,65275.206,9999482.20409,0
1639098000000,153.09,155.04,151.95,154.54,92170.906,1639101599999,14144935.36843,25936,46823.882,7186651.30013,0
1639101600000,154.52,155.81,153.60,154.26,91008.344,1639105199999,14081492.27397,22208,46172.978,7145197.67208,0
1639105200000,154.29,154.82,153.24,153.63,58071.315,1639108799999,8938081.65420,15677,29667.631,4568139.46846,0
1639108800000,153.63,155.04,152.91,153.17,59198.610,1639112399999,9111564.75347,19649,31276.739,4813602.72032,0
1639112400000,153.16,154.39,151.37,152.74,72360.695,1639115999999,11047400.66884,20720,36200.670,5527833.93402,0
1639116000000,152.76,153.94,150.51,150.62,87430.794,1639119599999,13312861.90301,23375,41402.020,6305638.99237,0
1639119600000,150.61,151.23,149.12,150.28,128981.294,1639123199999,19361646.80017,35087,62417.018,9370636.22954,0
1639123200000,150.26,152.36,149.75,151.97,92333.144,1639126799999,13946058.05598,22686,49249.811,7438808.03682,0
1639126800000,151.96,153.99,150.87,153.55,89045.679,1639130399999,13577936.66861,22387,43250.261,6594091.68296,0
1639130400000,153.55,154.17,152.15,152.61,65232.647,1639133999999,9987229.01699,18115,30499.936,4669169.79854,0
1639134000000,152.61,155.50,152.58,155.37,77768.120,1639137599999,11995264.17111,22442,40326.060,6221494.74824,0
1639137600000,155.38,156.88,155.03,156.61,97938.395,1639141199999,15290201.42166,26563,47957.303,7490252.67102,0
1639141200000,156.61,159.75,155.06,157.72,214064.738,1639144799999,33756429.13925,49206,112839.078,17803332.66207,0
1639144800000,157.72,158.25,151.58,152.05,202466.447,1639148399999,31431217.84334,43354,94535.519,14673681.06100,0
1639148400000,152.06,153.88,150.58,151.52,188447.626,1639151999999,28705734.82472,43073,92954.786,14165835.98865,0
1639152000000,151.47,151.69,148.44,150.75,178178.318,1639155599999,26784498.21435,42549,81400.709,12240457.65539,0
1639155600000,150.75,151.06,148.77,150.43,86741.154,1639159199999,13002657.77165,24427,38672.603,5798022.35914,0
1639159200000,150.47,152.20,150.26,151.17,79234.371,1639162799999,11981014.53169,21120,38827.050,5871836.82595,0
1639162800000,151.15,152.82,150.50,152.48,57346.938,1639166399999,8712376.84513,16997,28956.170,4398922.52577,0
1639166400000,152.49,154.68,152.44,154.52,56610.301,1639169999999,8692153.87263,18348,29209.287,4485697.31700,0
1639170000000,154.55,154.86,152.13,152.68,74505.103,1639173599999,11457700.11822,20940,33489.422,5151408.05577,0
1639173600000,152.71,153.70,151.12,151.56,66428.310,1639177199999,10140450.31132,16701,32422.492,4953177.87798,0
1639177200000,151.57,152.50,147.35,148.20,139482.704,1639180799999,20893326.93234,37323,62249.922,9324045.73583,0
1639180800000,148.17,152.15,145.47,148.83,239090.930,1639184399999,35556869.44619,58152,117370.514,17454609.59124,0
1639184400000,148.85,152.00,148.51,149.97,86121.858,1639187999999,12963648.90459,22927,44248.275,6659431.75158,0
1639188000000,150.03,151.88,149.72,151.63,51479.369,1639191599999,7761526.99066,16538,23810.127,3590594.41699,0
1639191600000,151.64,152.91,151.35,151.64,61054.368,1639195199999,9286220.00572,17686,31879.278,4849019.49539,0
1639195200000,151.64,153.49,151.27,152.73,52446.447,1639198799999,7982851.69861,16394,27646.745,4208717.45029,0
1639198800000,152.73,154.47,152.62,153.44,98012.948,1639202399999,15047715.88242,23777,51985.222,7981547.71583,0
1639202400000,153.44,155.65,151.90,152.09,105330.177,1639205999999,16203703.82393,27712,54302.828,8360485.90850,0
1639206000000,152.10,153.22,151.42,152.61,58438.368,1639209599999,8909313.89770,16189,30281.449,4617766.45989,0
1639209600000,152.60,156.04,151.69,153.28,122038.500,1639213199999,18801480.34577,27675,61353.072,9452499.28653,0
1639213200000,153.31,154.92,152.23,154.60,66828.524,1639216799999,10259669.94158,16847,35549.108,5459506.91321,0
1639216800000,154.60,155.39,153.88,154.97,61185.341,1639220399999,9460702.70589,17742,30208.950,4671899.97972,0
1639220400000,154.99,155.25,153.85,154.63,53402.209,1639223999999,8255952.18279,15894,24749.821,3827043.68142,0
1639224000000,154.63,157.12,154.36,156.81,87278.122,1639227599999,13601908.10241,22732,48013.950,7482117.89846,0
1639227600000,156.81,157.85,155.50,156.20,147152.388,1639231199999,23044977.28672,30900,67132.178,10518784.55106,0
1639231200000,156.20,158.73,155.09,157.58,105690.610,1639234799999,16532573.24521,28472,54234.271,8485250.37091,0
1639234800000,157.61,158.67,156.46,158.47,96797.653,1639238399999,15258894.73359,24931,48275.247,7608979.64176,0
1639238400000,158.48,159.38,157.28,157.57,111792.193,1639241999999,17708120.85870,28631,51459.360,8152859.73197,0
1639242000000,157.58,157.79,155.76,156.06,61336.485,1639245599999,9617596.21885,17604,29208.347,4580584.17875,0
1639245600000,156.05,156.50,155.19,155.44,62377.045,1639249199999,9714811.02160,17545,30490.039,4749408.95248,0
1639249200000,155.44,155.88,154.40,154.62,64095.869,1639252799999,9943262.26690,18053,35140.344,5453350.64743,0
1639252800000,154.62,156.76,154.55,155.22,75606.588,1639256399999,11769385.07024,18135,40605.870,6322824.32444,0
1639256400000,155.22,155.94,154.14,155.77,58707.639,1639259999999,9106553.48222,17093,30162.655,4678339.90513,0
1639260000000,155.72,157.71,155.59,156.85,37714.649,1639263599999,5909360.42311,13081,19829.048,3108428.90792,0
1639263600000,156.85,159.00,156.85,157.98,63514.394,1639267199999,10038428.60780,19631,32872.536,5194104.41265,0
1639267200000,157.94,158.88,156.34,156.81,55849.043,1639270799999,8800084.68497,18255,27804.381,4382351.25275,0
1639270800000,156.80,157.41,155.65,155.76,42700.817,1639274399999,6683379.93787,13060,21250.588,3326578.57839,0
1639274400000,155.76,156.61,155.18,155.35,44988.796,1639277999999,7017095.45757,13469,23688.965,3696236.71684,0
1639278000000,155.36,156.73,155.32,156.28,54806.580,1639281599999,8556804.79751,13341,30572.570,4773034.57297,0
1639281600000,156.27,156.47,153.84,154.21,55446.224,1639285199999,8595953.04695,16433,23127.588,3586426.55255,0
1639285200000,154.23,154.94,153.98,154.43,39623.947,1639288799999,6120070.33207,11886,18178.563,2808043.66554,0
1639288800000,154.43,155.97,154.21,155.70,35620.348,1639292399999,5528521.79340,11642,17151.083,2662214.20118,0
1639292400000,155.70,156.25,155.20,155.97,32513.026,1639295999999,5065959.59071,10443,16267.515,2534864.41674,0
1639296000000,155.99,156.10,154.20,154.73,52704.209,1639299599999,8178948.45469,15690,26721.699,4147401.02238,0
1639299600000,154.71,155.52,153.74,153.91,51567.617,1639303199999,7978865.33418,17207,26719.739,4134904.80250,0
1639303200000,153.91,155.62,153.09,155.47,65561.758,1639306799999,10112324.03155,19546,30310.421,4675210.09809,0
1639306800000,155.47,156.75,154.91,155.78,48601.121,1639310399999,7575195.40335,18095,23952.668,3734109.80100,0
1639310400000,155.79,157.94,155.50,156.74,66598.424,1639313999999,10453467.61293,19500,31997.072,5021580.91755,0
1639314000000,156.73,157.99,156.68,157.78,47815.650,1639317599999,7519732.60983,14419,24302.616,3822941.40580,0
1639317600000,157.77,158.42,156.83,157.65,57712.357,1639321199999,9100509.00344,18106,26560.480,4188513.74683,0
1639321200000,157.65,157.81,156.61,156.90,39080.580,1639324799999,6144091.35931,13336,19453.096,3058962.65576,0
1639324800000,156.88,158.74,156.56,158.32,64336.943,1639328399999,10135728.87738,18804,32756.273,5161985.21742,0
1639328400000,158.32,160.23,158.21,159.21,101134.840,1639331999999,16113400.76270,28601,53519.173,8526990.27523,0
1639332000000,159.24,162.82,159.24,161.36,110167.486,1639335599999,17740152.61915,34246,57518.453,9260627.69957,0
1639335600000,161.35,162.04,160.44,160.72,38408.979,1639339199999,6187792.06517,16294,17576.389,2831977.96477,0
1639339200000,160.73,161.37,160.30,160.43,44129.114,1639342799999,7097509.05458,12000,20854.773,3355336.97230,0
1639342800000,160.47,160.94,159.40,159.70,51132.280,1639346399999,8193943.45275,14595,25242.232,4047572.78546,0
1639346400000,159.71,160.29,159.60,160.20,31045.511,1639349999999,4964707.60544,10656,18259.326,2920284.77406,0
1639350000000,160.21,160.60,158.33,158.84,55124.975,1639353599999,8792567.71641,15816,24074.770,3841317.91895,0
1639353600000,158.84,159.84,157.33,157.79,83626.652,1639357199999,13253914.11875,23924,37054.874,5877977.67832,0
1639357200000,157.80,157.80,153.90,154.27,125040.017,1639360799999,19488874.59035,34738,56226.943,8763784.05444,0
1639360800000,154.27,155.23,152.80,153.01,105097.072,1639364399999,16189809.46801,25278,55224.330,8511914.20531,0
1639364400000,153.03,154.65,152.73,154.05,73432.455,1639367999999,11298535.57364,18902,40905.177,6294465.44578,0
1639368000000,154.02,155.13,153.23,154.77,55121.776,1639371599999,8497934.89910,14253,26379.325,4068470.45075,0
1639371600000,154.76,155.90,153.83,155.63,62566.776,1639375199999,9700212.69670,15714,32664.977,5066235.26357,0
1639375200000,155.60,155.70,153.53,153.99,48834.688,1639378799999,7555887.25118,15256,21697.938,3358184.40623,0
1639378800000,153.96,154.82,153.20,153.98,66919.476,1639382399999,10296910.42092,18060,30900.894,4756074.81028,0
1639382400000,153.98,156.36,152.25,155.80,125198.103,1639385999999,19361007.10837,30030,63485.416,9821548.73783,0
1639386000000,155.79,156.06,154.73,155.78,75260.383,1639389599999,11701402.38360,19769,38617.716,6005802.93748,0
1639389600000,155.78,156.29,154.23,155.21,69345.216,1639393199999,10754269.72474,19354,33628.648,5215892.49083,0
1639393200000,155.20,155.60,154.58,155.37,38467.814,1639396799999,5970542.62363,12743,19410.849,3013003.02853,0
1639396800000,155.35,156.36,153.45,153.64,89126.166,1639400399999,13808463.42388,22956,45445.878,7045592.28163,0
1639400400000,153.67,154.17,152.37,153.64,92265.750,1639403999999,14159188.28145,24136,46651.558,7160917.86801,0
1639404000000,153.64,153.76,149.40,150.96,160985.204,1639407599999,24313059.84490,43693,72442.835,10938709.83940,0
1639407600000,150.97,150.97,146.57,147.67,172260.182,1639411199999,25590000.57039,42776,75194.302,11170597.64338,0
1639411200000,147.67,148.78,145.79,147.71,164791.067,1639414799999,24292077.08648,39625,82112.397,12110091.64056,0
1639414800000,147.71,150.13,147.45,148.55,124871.409,1639418399999,18570446.74225,25339,68632.472,10209948.89909,0
1639418400000,148.56,149.18,147.61,148.29,72751.875,1639421999999,10788385.46575,17032,37113.965,5504568.31324,0
1639422000000,148.29,148.30,142.50,145.82,291396.096,1639425599999,42312464.24557,62176,130389.965,18933150.87817,0
1639425600000,145.83,146.55,144.39,145.21,110987.576,1639429199999,16151871.29080,26658,58966.075,8586291.91419,0
1639429200000,145.20,145.81,143.62,145.36,80422.364,1639432799999,11638598.14547,22548,41855.921,6059428.28395,0
1639432800000,145.36,146.76,144.82,145.98,60435.602,1639436399999,8830167.45969,19207,29337.821,4286889.26802,0
1639436400000,145.96,146.34,144.15,144.50,65508.735,1639439999999,9511785.02047,19434,27408.924,3979700.94390,0
1639440000000,144.47,146.53,142.76,145.38,126491.851,1639443599999,18280696.39039,32302,57627.704,8334753.95717,0
1639443600000,145.38,146.37,144.15,145.70,63313.094,1639447199999,9189086.53422,19701,33148.588,4812740.07314,0
1639447200000,145.71,146.50,144.39,146.05,54566.985,1639450799999,7937773.61254,18464,28930.690,4208186.81433,0
1639450800000,146.05,146.77,144.70,145.61,63363.690,1639454399999,9237739.04000,20063,31717.526,4623794.23836,0
1639454400000,145.61,146.15,144.45,145.04,50550.622,1639457999999,7350734.46381,17314,25616.908,3726179.66022,0
1639458000000,145.05,146.05,143.93,144.05,58411.623,1639461599999,8466093.57176,16937,27598.518,4000482.89871,0
1639461600000,144.05,146.03,143.00,145.64,122180.434,1639465199999,17660240.96718,31203,67945.274,9822539.81539,0
1639465200000,145.66,147.14,145.42,146.86,68820.219,1639468799999,10069513.60366,22420,33373.876,4884072.38866,0
1639468800000,146.87,148.77,146.83,148.41,103488.402,1639472399999,15290027.80367,27684,50914.226,7523688.00795,0
1639472400000,148.41,148.58,145.83,145.91,80401.399,1639475999999,11840869.58844,20908,36026.128,5308135.72479,0
1639476000000,145.90,149.74,145.87,149.49,112219.866,1639479599999,16588043.33224,26729,64336.015,9503560.39197,0
1639479600000,149.47,151.28,148.29,150.65,108118.208,1639483199999,16158210.22231,31384,54978.040,8217710.66919,0
1639483200000,150.65,151.88,149.77,149.89,112832.958,1639486799999,17012204.61705,28995,56022.612,8448304.96125,0
1639486800000,149.90,150.79,147.66,148.68,94241.185,1639490399999,14050148.60282,24846,47604.622,7098121.38574,0
1639490400000,148.67,149.65,147.59,149.37,94999.704,1639493999999,14117637.21472,26850,45604.625,6780725.22376,0
1639494000000,149.35,150.65,145.88,146.82,132305.366,1639497599999,19664680.44242,31632,59511.078,8851482.22224,0
1639497600000,146.82,148.78,146.19,147.31,95148.067,1639501199999,14036455.59338,26777,47160.881,6956929.59451,0
1639501200000,147.31,149.10,146.62,147.22,77723.020,1639504799999,11500312.65831,21087,40284.184,5960867.31571,0
1639504800000,147.22,148.52,145.27,146.18,104732.608,1639508399999,15364502.75317,26580,53151.607,7796473.39621,0
1639508400000,146.18,147.68,146.00,146.72,75847.989,1639511999999,11135920.96586,18748,40759.435,5983948.81571,0
1639512000000,146.70,149.90,146.66,149.61,99365.366,1639515599999,14746627.19166,24864,51134.021,7586494.82866,0
1639515600000,149.58,151.50,148.61,150.39,106258.460,1639519199999,15992259.18526,27723,53864.533,8110910.88861,0
1639519200000,150.39,150.79,149.34,150.08,43112.137,1639522799999,6473565.25357,13636,22457.951,3372648.66016,0
1639522800000,150.08,150.74,149.55,150.21,51727.793,1639526399999,7767040.09195,14432,26661.623,4003787.02690,0
1639526400000,150.20,151.50,149.81,150.00,71889.983,1639529999999,10825707.34954,20506,34788.426,5239620.84678,0
1639530000000,150.04,150.04,149.02,149.36,46548.199,1639533599999,6962272.36032,14888,23573.220,3526410.87071,0
1639533600000,149.37,149.71,148.50,149.61,51041.701,1639537199999,7611718.90186,14588,26275.753,3919304.84302,0
1639537200000,149.61,150.20,149.20,150.05,40907.581,1639540799999,6120168.75344,14079,22239.327,3327813.23244,0
1639540800000,150.05,151.27,149.15,150.49,82353.643,1639544399999,12390663.22342,23810,39775.776,5987092.53244,0
1639544400000,150.44,152.19,149.95,151.13,80414.695,1639547999999,12151115.35556,22170,41035.575,6204543.29534,0
1639548000000,151.14,152.09,150.53,150.74,54947.026,1639551599999,8311239.08007,16779,26156.074,3956949.97907,0
1639551600000,150.74,151.88,149.92,151.42,69944.928,1639555199999,10557690.86067,18694,36358.065,5487807.20943,0
1639555200000,151.43,152.60,151.09,151.39,70192.041,1639558799999,10663670.85286,19548,35096.504,5333519.99681,0
1639558800000,151.35,151.44,150.51,150.94,52984.643,1639562399999,7998271.90771,16211,29912.938,4516600.86323,0
1639562400000,150.97,151.27,149.62,149.98,56705.051,1639565999999,8521954.84450,16105,24290.171,3651568.41192,0
1639566000000,150.00,150.50,149.11,149.55,66593.767,1639569599999,9974743.28483,16677,33755.318,5058041.56045,0
1639569600000,149.56,150.20,146.73,146.99,116011.325,1639573199999,17241854.90784,27519,51828.230,7705958.25739,0
1639573200000,147.01,148.21,146.67,147.59,77659.719,1639576799999,11449773.32483,22295,40065.511,5907729.51282,0
1639576800000,147.58,148.25,145.71,146.34,79359.178,1639580399999,11658323.55946,24755,38911.526,5713522.58378,0
1639580400000,146.33,146.80,142.86,143.03,160030.151,1639583999999,23155371.45935,41030,70840.029,10264330.09740,0
1639584000000,143.02,144.33,141.67,143.04,143057.597,1639587599999,20438338.70593,34811,69836.209,9981760.87007,0
1639587600000,143.03,144.30,142.55,143.97,91849.788,1639591199999,13176590.76449,22266,49008.535,7031778.28298,0
1639591200000,143.98,148.25,143.60,147.00,126193.237,1639594799999,18439184.72408,32327,56531.133,8257450.97169,0
1639594800000,147.00,153.49,145.16,151.89,485176.433,1639598399999,73101077.10934,101664,241869.466,36454092.68013,0
1639598400000,151.90,154.58,151.41,153.82,173323.176,1639601999999,26563272.51692,39830,86193.601,13210368.93734,0
1639602000000,153.83,155.03,153.29,154.31,97331.184,1639605599999,15012393.08609,26055,52015.019,8025111.89799,0
1639605600000,154.30,154.76,152.71,152.87,50267.743,1639609199999,7718800.57385,15020,22342.895,3431990.70331,0
1639609200000,152.87,153.66,152.81,153.54,73575.854,1639612799999,11272861.74956,17401,40928.144,6271589.02468,0
1639612800000,153.54,154.85,153.09,154.35,60473.973,1639616399999,9315564.60570,18966,32726.043,5041456.53012,0
1639616400000,154.36,154.36,153.16,153.61,38558.310,1639619999999,5921492.54497,15360,17459.760,2681236.42005,0
1639620000000,153.62,154.00,153.18,153.75,32275.561,1639623599999,4960235.11935,12084,16620.172,2554887.80836,0
1639623600000,153.75,154.15,152.61,153.08,33233.522,1639627199999,5093298.19600,12429,14812.201,2270882.81225,0
1639627200000,153.09,154.02,152.72,153.37,43044.737,1639630799999,6601065.57923,12690,24328.544,3732185.83653,0
1639630800000,153.38,153.84,151.73,151.86,51519.780,1639634399999,7865358.32141,17278,25382.590,3874921.47144,0
1639634400000,151.88,153.78,151.78,153.72,48782.239,1639637999999,7449645.79601,14880,25910.996,3957564.88351,0
1639638000000,153.72,154.29,153.37,153.64,51891.263,1639641599999,7986011.37567,15670,25349.819,3902013.04832,0
1639641600000,153.64,154.28,152.94,153.69,53349.602,1639645199999,8194459.50044,13281,26646.234,4092845.35868,0
1639645200000,153.69,154.62,153.59,154.34,35099.891,1639648799999,5409545.20577,14079,16606.013,2559331.05565,0
1639648800000,154.34,155.58,154.20,155.21,68708.348,1639652399999,10649463.53556,22616,34353.289,5324902.33520,0
1639652400000,155.21,156.64,153.84,156.12,86691.431,1639655999999,13462196.83299,27284,44679.863,6942448.61672,0
1639656000000,156.11,156.19,153.61,153.84,77225.520,1639659599999,11973734.13795,21770,32713.313,5072708.55388,0
1639659600000,153.86,156.03,152.80,155.60,115223.369,1639663199999,17778833.09768,26674,65851.063,10161785.68124,0
1639663200000,155.60,155.67,154.00,154.17,50028.800,1639666799999,7739267.35645,17418,22843.451,3534110.78011,0
1639666800000,154.18,155.21,153.04,154.65,58432.378,1639670399999,9006423.07960,20584,28350.342,4370242.83536,0
1639670400000,154.64,154.88,153.70,154.43,57031.833,1639673999999,8805273.18505,18723,27944.686,4315201.07072,0
1639674000000,154.40,154.55,152.68,152.72,67383.589,1639677599999,10332861.98404,18107,29857.319,4579679.45730,0
1639677600000,152.71,153.70,151.91,152.78,75904.772,1639681199999,11600419.89277,20556,42222.382,6455445.19224,0
1639681200000,152.79,153.19,149.66,150.29,98472.991,1639684799999,14872966.47373,24893,41224.737,6227352.26169,0
1639684800000,150.30,152.02,150.18,150.92,63130.311,1639688399999,9540589.23683,18625,31874.445,4818169.65506,0
1639688400000,150.95,151.63,150.67,151.43,26754.704,1639691999999,4043536.61980,9810,13171.948,1991069.02124,0
1639692000000,151.42,151.81,148.88,150.19,71525.734,1639695599999,10739253.60319,19524,32227.352,4839531.47356,0
1639695600000,150.19,150.19,148.40,148.80,70393.473,1639699199999,10508639.30014,17827,30519.880,4557058.25979,0
1639699200000,148.80,149.99,148.03,149.53,85697.995,1639702799999,12781852.30970,21235,45204.586,6745880.28737,0
1639702800000,149.53,150.19,149.30,149.94,46067.947,1639706399999,6898617.69649,15398,21747.856,3257736.33645,0
1639706400000,149.93,150.08,148.75,149.81,33424.017,1639709999999,4993402.19947,13257,16298.102,2434837.97253,0
1639710000000,149.83,149.89,149.03,149.54,28921.232,1639713599999,4324665.41768,10840,12333.659,1844296.84515,0
1639713600000,149.54,150.15,149.32,149.76,32403.588,1639717199999,4854086.95457,11873,14758.453,2211203.20964,0
1639717200000,149.75,149.94,148.12,148.62,42872.162,1639720799999,6382294.54586,14120,19643.345,2923456.30208,0
1639720800000,148.63,148.97,148.18,148.26,34131.647,1639724399999,5069708.76447,11598,15391.333,2286004.54976,0
1639724400000,148.25,148.28,145.63,147.39,151397.304,1639727999999,22215325.03292,36013,74316.441,10906118.82190,0
1639728000000,147.39,149.64,146.49,148.55,98692.833,1639731599999,14601916.02703,25745,49985.525,7395173.63696,0
1639731600000,148.55,148.65,147.13,148.36,45771.316,1639735199999,6771863.59404,14771,20329.938,3008108.85826,0
1639735200000,148.37,148.46,146.25,146.68,64586.633,1639738799999,9505150.79318,20496,30587.317,4501560.37698,0
1639738800000,146.67,147.92,146.45,147.11,50450.007,1639742399999,7424133.64044,15579,22673.702,3336863.03198,0
1639742400000,147.11,147.82,146.05,146.63,61355.455,1639745999999,9021041.34166,19401,28302.970,4161583.50114,0
1639746000000,146.61,147.42,145.05,145.44,64845.862,1639749599999,9482972.47072,21153,30406.535,4446013.10960,0
1639749600000,145.45,145.60,141.01,143.35,244678.653,1639753199999,35010301.18688,62973,119906.445,17156704.15538,0
1639753200000,143.36,146.71,141.65,146.14,166499.837,1639756799999,23980319.80909,42427,86803.648,12502734.51177,0
1639756800000,146.14,149.10,145.69,147.78,169677.059,1639760399999,24998849.32351,38216,81567.109,12017684.32496,0
1639760400000,147.77,147.82,145.16,145.77,76331.855,1639763999999,11165931.11986,20998,38206.839,5587228.21930,0
1639764000000,145.78,147.03,145.35,146.77,45292.579,1639767599999,6610479.74604,14593,25186.637,3676517.78055,0
1639767600000,146.77,147.16,145.54,145.61,56760.595,1639771199999,8315132.66473,15388,27844.837,4080160.63818,0
1639771200000,145.62,146.02,143.70,143.95,84405.442,1639774799999,12202297.49981,20432,40970.801,5925003.97222,0
1639774800000,143.94,147.20,143.64,146.25,68822.263,1639778399999,10027660.62713,19079,36519.488,5315147.70440,0
1639778400000,146.26,146.62,142.72,145.80,120695.196,1639781999999,17458564.55709,28356,62399.043,9025685.96211,0
1639782000000,145.82,145.85,143.81,143.90,46993.792,1639785599999,6795088.44288,15986,21451.843,3101511.06787,0
1639785600000,143.93,145.43,142.73,145.20,75097.505,1639789199999,10809913.23810,22611,38108.697,5484782.95750,0
1639789200000,145.21,145.42,142.79,143.21,77938.691,1639792799999,11196885.82551,20992,37109.424,5329336.26907,0
1639792800000,143.21,144.90,142.77,143.60,55597.178,1639796399999,8005397.69216,16089,30637.883,4411357.76950,0
1639796400000,143.58,147.41,143.57,146.37,69583.507,1639799999999,10151534.97522,20014,36408.928,5308592.06552,0
1639800000000,146.37,147.41,145.34,146.79,61799.155,1639803599999,9046281.06043,17039,32634.444,4776089.73223,0
1639803600000,146.80,148.41,146.26,147.50,71979.650,1639807199999,10615620.60987,20125,36555.154,5392131.84311,0
1639807200000,147.51,148.16,146.47,146.65,43123.231,1639810799999,6348895.32638,12760,20408.019,3005047.95328,0
1639810800000,146.66,147.85,146.65,147.42,52752.601,1639814399999,7769333.53054,14199,29448.257,4337233.06647,0
1639814400000,147.41,148.79,147.00,147.31,71373.033,1639817999999,10558062.71047,19480,34518.811,5105298.60462,0
1639818000000,147.32,148.98,147.32,148.98,47273.228,1639821599999,7001340.12737,15602,26421.157,3913222.29279,0
1639821600000,148.99,150.00,148.28,149.89,65967.269,1639825199999,9842307.43790,19982,34365.027,5127292.37695,0
1639825200000,149.92,150.34,148.61,149.15,64728.379,1639828799999,9667312.40030,16511,27904.583,4171029.60798,0
1639828800000,149.14,149.68,148.83,149.45,35869.892,1639832399999,5355823.04396,16247,17141.355,2559709.42360,0
1639832400000,149.45,149.64,148.00,148.09,53881.194,1639835999999,8016809.44243,19745,21330.685,3175093.89716,0
1639836000000,148.08,149.48,147.88,149.32,63588.525,1639839599999,9463397.46644,17947,35693.360,5313290.55459,0
1639839600000,149.31,149.78,148.46,148.67,39121.495,1639843199999,5834572.30124,16066,19032.684,2838608.77692,0
1639843200000,148.67,149.60,148.34,148.85,45838.579,1639846799999,6824448.98809,14451,23588.338,3512050.51197,0
1639846800000,148.84,149.03,148.17,148.48,32799.385,1639850399999,4874862.15936,10793,15694.749,2332666.40238,0
1639850400000,148.48,148.95,148.31,148.78,21960.213,1639853999999,3263138.19833,7860,10235.882,1521064.00780,0
1639854000000,148.79,148.95,147.27,148.39,52763.539,1639857599999,7809979.25197,14929,24654.962,3649519.68964,0
1639857600000,148.41,148.66,147.63,148.46,36451.211,1639861199999,5398839.67950,9924,19260.882,2853216.00537,0
1639861200000,148.43,148.95,147.88,148.87,33177.484,1639864799999,4928192.69959,8800,16156.423,2400539.49403,0
1639864800000,148.86,149.49,148.21,148.58,23290.198,1639868399999,3468038.49785,8821,11411.859,1699594.67964,0
1639868400000,148.57,149.28,148.06,148.56,37902.899,1639871999999,5638152.53554,12008,20808.333,3095350.97586,0
1639872000000,148.56,149.08,147.55,148.18,46336.706,1639875599999,6876378.18602,15232,21894.420,3249500.07198,0
1639875600000,148.18,148.96,147.49,148.16,39619.348,1639879199999,5874314.87481,12874,20228.772,2998753.00679,0
1639879200000,148.17,150.73,147.91,150.52,64715.571,1639882799999,9662068.58265,15789,34085.197,5087197.44707,0
1639882800000,150.51,155.99,150.51,154.24,282203.319,1639886399999,43378032.23904,62606,156796.505,24090709.74465,0
1639886400000,154.25,155.19,154.25,154.40,58301.959,1639889999999,9015684.77269,15853,32071.306,4959987.45492,0
1639890000000,154.39,154.95,153.19,153.63,66292.781,1639893599999,10207255.78838,17514,28065.913,4324276.43510,0
1639893600000,153.63,153.85,152.72,152.92,42675.179,1639897199999,6545995.99096,13490,20606.164,3161771.18829,0
1639897200000,152.92,153.96,152.66,153.17,51071.917,1639900799999,7833390.69243,13066,30228.764,4636899.23920,0
1639900800000,153.18,153.90,153.03,153.21,42718.287,1639904399999,6555247.75259,13359,20301.640,3115800.87977,0
1639904400000,153.21,153.37,151.77,152.37,119098.007,1639907999999,18185719.91770,24577,48554.765,7413363.40668,0
1639908000000,152.37,152.55,150.88,152.11,78214.040,1639911599999,11868446.46612,20736,40360.581,6125237.77920,0
1639911600000,152.12,152.40,151.38,152.26,37955.366,1639915199999,5765197.05320,11617,18642.586,2832163.23346,0
1639915200000,152.26,154.49,151.40,154.37,99829.981,1639918799999,15293333.18445,22590,55419.926,8494947.77685,0
1639918800000,154.36,155.12,152.00,154.57,124648.520,1639922399999,19145455.29019,29160,56762.265,8720176.69717,0
1639922400000,154.58,156.52,152.36,154.06,247735.515,1639925999999,38275712.72778,53876,132321.614,20444356.87553,0
1639926000000,154.07,155.14,153.00,155.10,92208.185,1639929599999,14215244.32209,23082,47701.020,7354205.81618,0
1639929600000,155.09,161.07,154.48,155.73,365828.196,1639933199999,57832436.45037,73186,194402.082,30723875.38882,0
1639933200000,155.72,157.84,154.96,157.47,119926.606,1639936799999,18710452.06059,27571,64707.254,10099514.44608,0
1639936800000,157.46,157.47,155.30,157.40,106424.398,1639940399999,16628533.83984,24080,50992.586,7968593.32162,0
1639940400000,157.40,158.70,152.22,153.54,377147.963,1639943999999,58508297.44778,68186,177016.995,27458224.55378,0
1639944000000,153.55,155.37,152.64,154.67,109925.107,1639947599999,16953291.45255,26266,55612.801,8578421.38222,0
1639947600000,154.68,155.10,153.55,154.05,73681.423,1639951199999,11376393.96289,16964,34432.219,5316589.61803,0
1639951200000,154.06,155.99,153.73,155.33,70001.028,1639954799999,10855948.08013,19064,34540.117,5357833.82101,0
1639954800000,155.32,155.72,152.70,153.25,67133.725,1639958399999,10353604.12966,20197,34240.501,5281271.99158,0
1639958400000,153.24,154.93,151.11,154.91,110955.094,1639961999999,16949078.66815,29381,50880.014,7777991.03205,0
1639962000000,154.91,155.41,152.92,154.02,87270.019,1639965599999,13456736.46842,26451,38088.730,5871135.22573,0
1639965600000,154.00,154.82,153.10,154.17,66129.560,1639969199999,10181533.37181,18714,35347.066,5442904.44560,0
1639969200000,154.22,155.49,153.39,154.72,66773.181,1639972799999,10315794.94932,20233,30603.747,4727299.85811,0
1639972800000,154.74,156.99,154.63,156.83,74965.719,1639976399999,11681139.91067,20739,35622.175,5552265.10259,0
1639976400000,156.82,157.35,149.00,150.44,225437.058,1639979999999,34493267.30735,49296,88571.592,13562597.44747,0
1639980000000,150.44,151.71,148.91,150.82,150353.010,1639983599999,22607911.99868,39091,80593.025,12124353.17442,0
1639983600000,150.82,150.93,148.93,150.20,116066.571,1639987199999,17414067.71010,26310,51192.055,7683480.41676,0
1639987200000,150.21,150.98,149.25,150.05,84073.055,1639990799999,12616963.96326,21110,42793.368,6423058.37755,0
1639990800000,150.05,150.17,146.06,146.25,150881.825,1639994399999,22286234.81008,47967,66671.932,9841794.95344,0
1639994400000,146.27,148.11,146.17,146.81,84458.323,1639997999999,12437067.92428,22392,46039.722,6779643.10980,0
1639998000000,146.82,148.15,146.23,147.74,83560.749,1640001599999,12315859.12984,19501,39933.501,5887620.91357,0
1640001600000,147.74,147.74,145.36,146.03,94062.938,1640005199999,13767870.68373,31479,42880.429,6275362.97458,0
1640005200000,146.03,147.37,145.11,146.19,74726.151,1640008799999,10942634.88193,24021,36719.821,5377875.21259,0
1640008800000,146.19,150.52,145.83,150.19,189247.883,1640012399999,27955461.81787,42615,97625.528,14431836.03348,0
1640012400000,150.19,150.27,147.67,147.86,104915.359,1640015999999,15636096.05598,28688,51383.676,7656308.26439,0
1640016000000,147.85,150.30,147.28,150.16,94227.176,1640019599999,14001978.58468,24247,48829.389,7260188.36101,0
1640019600000,150.16,150.32,148.90,149.03,69351.546,1640023199999,10374957.94007,19017,36085.208,5398846.97510,0
1640023200000,149.02,150.17,148.76,149.66,47444.673,1640026799999,7090601.46368,16019,24946.508,3728657.66209,0
1640026800000,149.69,151.00,149.46,150.47,75532.823,1640030399999,11359938.53679,21376,38006.320,5715752.61747,0
1640030400000,150.49,155.00,150.47,153.50,191660.459,1640033999999,29256298.28471,50577,109156.392,16674232.07433,0
1640034000000,153.48,154.96,152.83,152.92,114683.378,1640037599999,17636523.17071,29560,51929.187,7988062.79085,0
1640037600000,152.95,153.53,152.06,152.07,53803.025,1640041199999,8211356.05105,16562,24346.988,3716735.55063,0
1640041200000,152.09,153.43,152.07,152.60,56351.985,1640044799999,8604238.68775,17564,30746.284,4695437.89657,0
1640044800000,152.60,152.98,149.85,150.18,139233.734,1640048399999,21021807.17632,29537,56556.703,8541017.52156,0
1640048400000,150.18,150.92,149.00,150.64,94695.764,1640051999999,14209763.17178,24017,47313.673,7102325.80916,0
1640052000000,150.65,151.00,149.86,150.13,46236.179,1640055599999,6949652.31558,13119,21313.727,3203639.18468,0
1640055600000,150.14,154.47,149.99,153.48,205248.414,1640059199999,31269430.42460,43848,130210.525,19829445.19473,0
1640059200000,153.49,155.31,153.48,153.78,103155.075,1640062799999,15919439.32386,31269,50518.664,7798832.31100,0
1640062800000,153.78,154.59,152.31,152.92,100613.837,1640066399999,15425798.55053,22274,45828.765,7029732.30711,0
1640066400000,152.93,153.34,152.27,153.11,58650.131,1640069999999,8961320.98620,16017,30375.088,4641856.82395,0
1640070000000,153.12,153.50,152.63,153.08,50993.599,1640073599999,7803742.47727,13318,27031.401,4137552.52575,0
1640073600000,153.07,154.31,152.47,153.24,71827.604,1640077199999,11025684.54325,18694,35544.409,5456773.67530,0
1640077200000,153.24,153.50,152.60,153.13,47193.788,1640080799999,7224529.26593,14903,20637.273,3159305.88117,0
1640080800000,153.14,154.05,152.88,153.44,49759.473,1640084399999,7641666.42969,13397,26379.832,4050857.51340,0
1640084400000,153.44,154.11,153.30,153.68,43833.120,1640087999999,6733531.84205,14574,20877.288,3207440.70148,0
1640088000000,153.68,155.37,153.08,153.39,87807.669,1640091599999,13544071.69748,25785,40400.416,6234167.59947,0
1640091600000,153.39,153.97,152.76,153.89,56434.282,1640095199999,8655337.16670,19258,28102.639,4311497.76728,0
1640095200000,153.89,153.99,152.13,152.57,72645.967,1640098799999,11121409.26862,19042,31668.708,4849267.12692,0
1640098800000,152.54,154.00,151.72,152.76,85015.820,1640102399999,12988366.10172,24682,40336.429,6165630.81280,0
1640102400000,152.76,154.41,152.69,153.76,65298.530,1640105999999,10032782.92189,18753,34483.415,5298557.02286,0
1640106000000,153.75,154.46,153.52,154.11,55649.196,1640109599999,8572623.91018,13070,30011.450,4623481.87574,0
1640109600000,154.12,154.86,153.67,154.32,42517.992,1640113199999,6559417.92497,12666,22190.222,3424130.46764,0
1640113200000,154.32,154.94,153.72,154.77,42760.503,1640116799999,6601816.09075,12233,23300.985,3597887.22994,0
1640116800000,154.78,155.26,153.89,154.55,50645.146,1640120399999,7826137.46877,13899,24589.341,3800551.81344,0
1640120400000,154.56,156.37,154.32,155.63,68161.663,1640123999999,10598575.03811,21525,30700.952,4771963.17622,0
1640124000000,155.62,156.27,155.35,156.25,42583.241,1640127599999,6632819.21371,13609,23171.088,3609036.60047,0
1640127600000,156.25,156.31,154.47,154.72,55097.171,1640131199999,8554238.72149,15731,24450.908,3797164.54718,0
1640131200000,154.73,155.48,152.86,153.18,83735.032,1640134799999,12938101.99530,22835,34922.953,5396861.93296,0
1640134800000,153.18,154.63,153.05,154.39,36509.298,1640138399999,5622775.79322,14857,18217.141,2805609.98108,0
1640138400000,154.40,156.73,154.03,155.51,75581.849,1640141999999,11776412.73520,23115,34923.551,5440816.19451,0
1640142000000,155.51,156.93,155.20,156.21,69393.053,1640145599999,10823761.32218,18414,43673.481,6812707.14544,0
1640145600000,156.22,156.81,155.56,156.51,39232.602,1640149199999,6127646.09192,12589,19531.036,3050782.85227,0
1640149200000,156.51,156.58,155.14,155.37,38394.929,1640152799999,5980402.47244,13127,16978.276,2644816.97863,0
1640152800000,155.45,156.04,155.21,155.42,34424.852,1640156399999,5354279.01125,12569,17669.920,2748892.92967,0
1640156400000,155.41,157.74,155.30,157.15,94089.221,1640159999999,14755865.97015,26982,49495.443,7759455.21690,0
1640160000000,157.13,157.99,157.01,157.04,81251.868,1640163599999,12801306.61179,21334,36909.251,5815536.63948,0
1640163600000,157.04,157.47,154.79,155.38,83402.410,1640167199999,13015012.97275,25401,36137.312,5639417.44362,0
1640167200000,155.37,156.14,155.02,156.05,56249.005,1640170799999,8756521.06676,18319,27338.676,4256590.06986,0
1640170800000,156.05,157.29,156.04,156.46,54184.105,1640174399999,8490084.23866,19001,26007.883,4075011.21281,0
1640174400000,156.47,157.15,153.22,154.01,121212.445,1640177999999,18773753.44862,33918,58189.145,9012782.46038,0
1640178000000,153.98,155.03,153.80,154.75,61490.892,1640181599999,9497719.93439,21704,29494.719,4555435.12486,0
1640181600000,154.76,155.93,154.34,155.47,48563.944,1640185199999,7534885.59273,16959,23715.149,3680275.08586,0
1640185200000,155.47,158.00,155.21,157.55,111802.648,1640188799999,17526068.38290,28638,55730.672,8734877.51640,0
1640188800000,157.58,160.12,157.45,158.26,149534.921,1640192399999,23727610.65036,41630,71490.476,11344841.86465,0
1640192400000,158.26,158.61,156.62,156.93,55490.573,1640195999999,8746165.50579,16307,23718.808,3738668.15324,0
1640196000000,156.92,159.30,156.71,157.45,78296.871,1640199599999,12374186.18466,20236,40762.238,6439824.63176,0
1640199600000,157.43,158.47,156.23,157.43,68567.484,1640203199999,10784106.05540,19212,33385.374,5252283.93065,0
1640203200000,157.42,158.01,157.16,157.38,32250.490,1640206799999,5081084.55535,10642,15260.865,2404048.13929,0
1640206800000,157.37,157.37,156.34,156.93,36086.779,1640210399999,5659712.08581,12157,18568.042,2912359.42323,0
1640210400000,156.94,156.95,156.00,156.43,26964.638,1640213999999,4214382.68541,9941,12716.905,1987966.09460,0
1640214000000,156.45,156.57,154.61,155.31,52765.875,1640217599999,8202956.46596,18418,22493.843,3496857.30511,0
1640217600000,155.31,155.87,153.01,154.93,104265.381,1640221199999,16077899.80926,30605,48980.681,7552176.47050,0
1640221200000,154.93,157.90,153.91,156.56,106838.999,1640224799999,16653295.05973,28985,58097.348,9055942.35944,0
1640224800000,156.53,157.90,155.85,156.41,62104.147,1640228399999,9751892.00290,20055,29629.148,4652762.60458,0
1640228400000,156.43,157.56,155.72,157.29,52092.091,1640231999999,8163044.33073,15390,28191.168,4418909.87333,0
1640232000000,157.29,157.46,155.51,155.67,42332.968,1640235599999,6629470.32833,14215,18226.792,2854712.00975,0
1640235600000,155.67,156.42,155.22,155.54,34249.120,1640239199999,5337403.71569,11982,16632.826,2592559.69453,0
1640239200000,155.54,156.80,155.14,156.58,36469.176,1640242799999,5687679.28466,12932,18617.847,2904226.71838,0
1640242800000,156.59,156.66,153.65,154.31,72106.652,1640246399999,11180009.31346,21172,32335.183,5010472.72509,0
1640246400000,154.31,155.25,154.06,155.16,50303.326,1640249999999,7783817.66758,16225,24820.382,3840994.29432,0
1640250000000,155.16,155.77,154.42,155.43,52769.697,1640253599999,8180727.57811,12973,25481.709,3951212.64675,0
1640253600000,155.42,158.39,154.88,156.93,161675.049,1640257199999,25336324.66991,37071,82870.894,12984379.71595,0
1640257200000,156.97,157.46,154.33,155.70,108485.502,1640260799999,16915638.41661,25628,46449.987,7244767.36211,0
1640260800000,155.71,157.02,155.10,156.60,53569.601,1640264399999,8365535.02913,17719,28510.553,4452922.36206,0
1640264400000,156.60,157.32,156.08,156.22,50281.490,1640267999999,7885518.92357,16696,24707.648,3875300.61097,0
1640268000000,156.26,156.79,155.72,156.46,56021.778,1640271599999,8757892.51660,16925,29416.225,4598789.99790,0
1640271600000,156.46,157.41,156.18,157.20,76617.952,1640275199999,12018750.64937,19570,36396.986,5708795.12035,0
1640275200000,157.24,158.83,156.51,158.53,91827.720,1640278799999,14472714.83536,24167,44116.091,6954738.92523,0
1640278800000,158.52,161.96,158.05,161.78,171821.028,1640282399999,27516331.44557,47284,82937.246,13280818.84374,0
1640282400000,161.78,164.94,161.78,163.66,223582.172,1640285999999,36539333.28885,60133,110261.027,18022804.31613,0
1640286000000,163.66,165.18,163.24,164.04,95568.074,1640289599999,15688179.68811,28930,49605.328,8145015.62800,0
1640289600000,164.07,164.30,162.63,162.96,83922.987,1640293199999,13710129.79256,21600,34150.878,5578995.82647,0
1640293200000,162.96,163.40,161.88,163.27,66723.874,1640296799999,10851493.46445,18328,32129.091,5226419.63758,0
1640296800000,163.27,164.52,162.72,162.80,63899.351,1640300399999,10453573.66408,16573,34438.446,5636177.10144,0
1640300400000,162.80,163.66,162.56,163.66,42233.772,1640303999999,6886733.86986,13428,19404.305,3164510.51211,0
1640304000000,163.66,165.68,163.21,165.30,77926.453,1640307599999,12806390.63701,21357,43723.171,7187256.87328,0
1640307600000,165.30,166.66,164.39,166.40,96487.582,1640311199999,16004518.08153,27745,50472.492,8375284.26869,0
1640311200000,166.40,166.61,165.04,165.13,58770.416,1640314799999,9741608.40271,17984,28118.891,4661213.37098,0
1640314800000,165.13,166.10,164.87,165.52,38699.369,1640318399999,6401219.16317,13455,17826.989,2949032.88925,0
1640318400000,165.53,165.85,163.69,164.55,56868.936,1640321999999,9363102.70794,14489,22931.120,3775925.08362,0
1640322000000,164.55,164.56,163.35,164.16,45652.586,1640325599999,7490577.76872,13770,19232.935,3155924.22961,0
1640325600000,164.15,164.15,162.98,163.46,43757.771,1640329199999,7158605.43878,14525,21645.457,3540701.11685,0
1640329200000,163.46,164.35,163.12,163.93,41353.675,1640332799999,6779466.42619,11822,22846.032,3745774.92117,0
1640332800000,163.94,164.78,163.62,164.00,43436.386,1640336399999,7135705.24776,13784,22182.619,3644616.54623,0
1640336400000,164.00,164.81,163.81,164.43,38376.818,1640339999999,6306553.07148,14075,20236.373,3325254.12689,0
1640340000000,164.43,164.72,163.76,163.84,42728.920,1640343599999,7017013.27344,14651,17497.775,2873870.49637,0
1640343600000,163.83,164.46,162.56,163.04,69654.418,1640347199999,11388657.37537,21094,30373.318,4967994.80081,0
1640347200000,163.05,163.68,162.33,163.46,40149.480,1640350799999,6549005.52437,16392,18670.833,3046564.31645,0
1640350800000,163.46,163.81,161.29,162.24,97263.779,1640354399999,15820381.23891,23095,43061.025,7003587.27960,0
1640354400000,162.21,163.61,161.66,161.98,55069.295,1640357999999,8965883.27712,19405,26141.160,4255035.63438,0
1640358000000,161.99,163.04,160.36,162.55,134364.563,1640361599999,21746695.47892,35607,66821.658,10814957.75763,0
1640361600000,162.55,163.35,161.71,162.58,71504.813,1640365199999,11629606.73787,21814,38307.640,6231038.45115,0
1640365200000,162.56,162.96,161.68,162.71,35706.427,1640368799999,5791813.45224,13466,16074.656,2608043.60153,0
1640368800000,162.72,164.49,162.56,164.28,90890.214,1640372399999,14877368.95986,21258,42892.122,7019023.70985,0
1640372400000,164.28,164.78,161.45,161.73,76932.412,1640375999999,12560990.24802,21364,33926.459,5541170.97215,0
1640376000000,161.72,162.73,161.06,162.31,61541.468,1640379599999,9965731.88021,17443,30490.173,4937361.96530,0
1640379600000,162.30,162.89,161.85,162.07,57015.768,1640383199999,9255165.32150,12568,28857.238,4684895.37797,0
1640383200000,162.07,162.13,160.43,161.53,59758.560,1640386799999,9636906.83755,15840,26999.902,4354589.21124,0
1640386800000,161.55,161.85,160.11,161.25,50045.020,1640390399999,8054972.57802,17166,23460.866,3776020.57084,0
1640390400000,161.26,163.05,160.17,162.94,56649.327,1640393999999,9169305.87497,17552,31975.445,5176644.52559,0
1640394000000,162.95,163.09,161.41,161.75,68694.981,1640397599999,11134822.56244,18022,33068.138,5360177.89946,0
1640397600000,161.75,162.71,161.31,161.31,40505.951,1640401199999,6562092.76580,13840,19658.482,3185285.22327,0
1640401200000,161.31,161.69,160.82,161.01,36284.222,1640404799999,5852998.86362,10810,15296.249,2467510.36530,0
1640404800000,161.00,162.00,160.78,161.43,30495.809,1640408399999,4926157.87062,10208,15617.463,2523058.99599,0
1640408400000,161.44,162.21,161.32,161.85,35821.838,1640411999999,5793993.74739,10436,16876.430,2729930.66740,0
1640412000000,161.85,162.53,160.97,162.53,43369.916,1640415599999,7013877.20055,12443,24432.314,3951520.30126,0
1640415600000,162.52,163.01,162.01,162.45,28349.877,1640419199999,4606629.36223,11006,13877.479,2255164.02978,0
1640419200000,162.45,162.79,162.10,162.71,19886.836,1640422799999,3229033.03702,8408,10788.952,1751978.86410,0
1640422800000,162.73,163.00,162.18,162.26,31431.024,1640426399999,5113423.15928,11043,14272.356,2322183.35044,0
1640426400000,162.26,162.30,160.69,161.05,39980.345,1640429999999,6457709.65431,14816,20043.124,3237727.03296,0
1640430000000,161.07,161.70,160.74,161.56,38841.018,1640433599999,6265212.92165,12191,17802.470,2872035.83238,0
1640433600000,161.57,163.52,161.49,162.81,50712.719,1640437199999,8246703.71328,17045,24017.845,3905290.11734,0
1640437200000,162.80,163.40,162.08,163.26,41849.890,1640440799999,6811482.57914,12328,21142.756,3441794.30645,0
1640440800000,163.26,163.33,162.47,162.80,24697.612,1640444399999,4021146.24508,10179,12335.086,2008352.58211,0
1640444400000,162.79,163.62,162.68,162.94,34971.721,1640447999999,5704476.45418,13464,17437.972,2844750.75788,0
1640448000000,162.95,163.37,161.66,162.19,64986.367,1640451599999,10560028.30996,18425,30881.791,5019579.04806,0
1640451600000,162.20,162.89,158.65,160.38,246200.999,1640455199999,39469541.78989,50884,111994.534,17952620.99955,0
1640455200000,160.38,161.55,159.84,161.24,78651.290,1640458799999,12640477.11751,19868,39637.523,6370164.33172,0
1640458800000,161.24,161.45,160.63,160.97,26644.513,1640462399999,4290280.31715,9143,12361.699,1990061.58121,0
1640462400000,160.97,161.62,160.59,161.40,35763.102,1640465999999,5760876.58089,11556,18304.720,2948959.19476,0
1640466000000,161.40,162.64,161.32,162.07,60156.724,1640469599999,9746937.79145,18172,26912.100,4361159.04601,0
1640469600000,162.06,162.24,159.11,159.41,80185.248,1640473199999,12875713.64749,24394,37036.446,5945897.76672,0
1640473200000,159.43,159.65,157.46,157.86,162761.007,1640476799999,25819698.23099,38832,77659.100,12322694.81767,0
1640476800000,157.87,158.03,156.12,156.90,169501.746,1640480399999,26616412.43506,42369,78825.350,12378875.58367,0
1640480400000,156.89,158.33,156.60,157.31,109514.826,1640483999999,17262710.39608,23282,58057.160,9151662.61698,0
1640484000000,157.27,158.30,155.26,156.93,170277.212,1640487599999,26704884.16576,40771,76076.931,11938511.09530,0
1640487600000,156.94,156.94,152.98,153.74,216594.126,1640491199999,33476366.68042,67269,88138.171,13625531.59346,0
1640491200000,153.73,154.53,153.18,154.44,91727.418,1640494799999,14110153.63113,23436,43715.971,6723940.91390,0
1640494800000,154.44,154.80,154.17,154.38,43388.054,1640498399999,6702318.13672,17839,21921.934,3386966.18769,0
1640498400000,154.38,154.97,154.29,154.83,39974.974,1640501999999,6182359.49963,14194,18254.294,2823303.93835,0
1640502000000,154.83,155.81,154.38,155.72,60187.842,1640505599999,9340947.35402,16580,30273.813,4699572.64391,0
1640505600000,155.71,156.26,155.17,155.67,62886.463,1640509199999,9795955.72667,15659,30047.458,4681442.94269,0
1640509200000,155.66,156.61,155.42,156.07,48835.029,1640512799999,7620809.89916,15005,22716.523,3545018.90899,0
1640512800000,156.07,156.33,154.08,155.55,156548.539,1640516399999,24253748.06986,32143,73358.191,11367018.36897,0
1640516400000,155.56,155.74,153.18,154.43,88670.351,1640519999999,13713489.92206,22802,36454.771,5638208.85599,0
1640520000000,154.43,154.89,153.20,154.20,118785.071,1640523599999,18294541.20267,29344,55983.912,8622097.24625,0
1640523600000,154.19,155.08,154.12,154.97,56616.210,1640527199999,8759010.61198,16696,28685.153,4437405.68655,0
1640527200000,154.98,155.36,153.35,153.59,105539.402,1640530799999,16257076.44615,28461,49660.215,7649390.59688,0
1640530800000,153.60,155.25,153.30,154.98,86835.418,1640534399999,13420496.22754,24030,42874.030,6623298.08027,0
1640534400000,154.99,156.09,154.96,155.61,73979.141,1640537999999,11508273.27283,20731,36343.972,5653778.84507,0
1640538000000,155.61,156.41,155.36,156.07,70563.100,1640541599999,11006718.75213,16474,36070.961,5626595.55206,0
1640541600000,156.07,156.80,155.58,156.54,71259.727,1640545199999,11125045.59339,16477,33607.846,5248284.95099,0
1640545200000,156.54,156.84,155.90,156.31,50299.290,1640548799999,7865082.43895,13045,22090.584,3454515.95870,0
1640548800000,156.32,156.69,155.67,155.95,65708.942,1640552399999,10264920.31580,14735,32704.783,5109985.78856,0
1640552400000,155.96,157.31,154.14,156.63,117550.332,1640555999999,18342071.48117,26430,49329.505,7698411.51638,0
1640556000000,156.66,157.67,156.45,156.87,50940.131,1640559599999,7999814.86019,14679,22015.832,3457859.25939,0
1640559600000,156.86,157.18,155.64,155.77,82528.725,1640563199999,12881913.17025,16518,35246.397,5502786.15122,0
1640563200000,155.77,156.59,155.31,155.53,64529.230,1640566799999,10061281.44390,15678,32329.481,5041467.58209,0
1640566800000,155.55,155.93,154.44,155.83,73380.316,1640570399999,11380708.21848,15690,32497.160,5042269.17115,0
1640570400000,155.83,156.38,155.46,155.94,43849.585,1640573999999,6836283.74973,11096,20095.274,3133067.89669,0
1640574000000,155.91,156.93,155.83,156.59,45345.478,1640577599999,7096061.94372,12343,23879.348,3736818.30501,0
1640577600000,156.59,156.68,155.93,156.39,49314.122,1640581199999,7705027.16338,12935,20516.367,3206385.50909,0
1640581200000,156.37,156.46,155.86,155.99,33716.917,1640584799999,5264893.19004,9245,15513.350,2422718.77409,0
1640584800000,155.99,156.38,155.37,156.32,37967.195,1640588399999,5919011.44649,12041,18199.258,2837486.26985,0
1640588400000,156.32,156.55,155.50,155.95,51507.190,1640591999999,8037911.04993,12908,24428.941,3812609.91513,0
1640592000000,155.97,156.37,155.55,155.61,54486.333,1640595599999,8503318.93744,14486,24195.717,3776605.81187,0
1640595600000,155.60,155.80,154.80,155.51,78624.095,1640599199999,12216126.91034,22818,37309.691,5797654.82223,0
1640599200000,155.51,156.50,155.50,156.21,56918.801,1640602799999,8883315.17065,16223,27830.846,4343596.57806,0
1640602800000,156.20,157.60,156.11,157.31,100940.737,1640606399999,15846081.64472,21729,50895.064,7990382.29331,0
1640606400000,157.31,159.59,156.90,158.45,169185.046,1640609999999,26783734.57767,38230,84224.775,13339396.52568,0
1640610000000,158.46,159.22,158.11,158.57,67796.271,1640613599999,10756287.59021,21848,32850.244,5212472.04754,0
1640613600000,158.57,159.91,158.52,159.38,114932.345,1640617199999,18304470.73916,26378,56347.062,8972647.57679,0
1640617200000,159.38,159.93,158.65,159.24,82824.765,1640620799999,13181936.28366,21341,38878.758,6189014.79381,0
1640620800000,159.25,159.98,158.50,158.98,82754.218,1640624399999,13174877.58091,22391,39773.162,6333613.57060,0
1640624400000,159.01,160.61,158.64,160.17,93925.995,1640627999999,15002271.60970,22821,48340.559,7722737.54363,0
1640628000000,160.19,160.87,159.48,160.45,100977.654,1640631599999,16168374.34442,21431,49299.796,7896057.85628,0
1640631600000,160.46,160.50,158.84,159.18,82026.144,1640635199999,13093792.92595,18664,33719.900,5383665.44752,0
1640635200000,159.19,160.91,159.02,160.74,180289.158,1640638799999,28880192.59867,28628,66470.310,10646497.27998,0
1640638800000,160.75,161.30,158.77,158.93,138182.369,1640642399999,22136028.79277,24220,64715.526,10366737.03918,0
1640642400000,158.93,159.90,156.28,157.47,104753.139,1640645999999,16580539.85810,25175,41553.622,6581421.36407,0
1640646000000,157.46,157.61,155.50,155.89,92162.710,1640649599999,14413646.12846,22765,40832.611,6387322.50272,0
1640649600000,155.89,156.01,150.47,153.72,448621.970,1640653199999,68661706.60238,85965,224213.963,34300897.45675,0
1640653200000,153.70,153.70,151.06,152.03,108063.851,1640656799999,16463439.27421,25278,51272.059,7812891.71767,0
1640656800000,152.03,152.66,150.87,151.81,81944.846,1640660399999,12433769.03174,19637,38916.445,5907019.87746,0
1640660400000,151.81,151.81,149.15,151.19,123258.700,1640663999999,18536435.82263,29039,54319.223,8172593.29709,0
1640664000000,151.19,151.19,146.25,148.04,209666.836,1640667599999,31032151.10165,48651,82920.281,12278661.00496,0
1640667600000,148.04,149.96,147.75,149.65,81812.056,1640671199999,12170791.07781,18100,40282.662,5993282.26354,0
1640671200000,149.65,150.84,149.17,150.21,82425.537,1640674799999,12365802.17707,19008,41326.896,6202304.14725,0
1640674800000,150.20,150.64,149.30,150.39,66181.154,1640678399999,9923712.02590,13966,31739.277,4760573.12229,0
1640678400000,150.34,151.35,149.81,151.05,70817.723,1640681999999,10681138.77384,16692,36226.673,5464204.45285,0
1640682000000,151.05,151.72,150.40,150.62,79495.706,1640685599999,12010875.89366,18867,37982.848,5740147.95679,0
1640685600000,150.60,152.41,150.32,152.28,94818.511,1640689199999,14364201.18759,23020,44418.064,6729546.57875,0
1640689200000,152.29,152.95,151.54,152.85,73552.803,1640692799999,11201169.02442,17813,33264.399,5066696.79106,0
1640692800000,152.83,153.30,151.88,152.25,70827.066,1640696399999,10809741.47302,18797,30635.630,4675943.83810,0
1640696400000,152.27,153.19,151.89,152.02,79530.398,1640699999999,12137985.08951,18868,40549.617,6190391.76798,0
1640700000000,152.02,152.31,148.25,151.66,157486.381,1640703599999,23770533.86360,34791,71161.420,10744387.52617,0
1640703600000,151.65,152.31,150.62,150.90,77152.277,1640707199999,11676715.76422,19546,38743.895,5864168.34700,0
1640707200000,150.90,151.22,148.30,150.36,150975.543,1640710799999,22616357.49988,33962,71079.193,10652343.68584,0
1640710800000,150.35,150.42,146.82,148.67,165733.682,1640714399999,24594122.69934,38809,81365.164,12075552.60622,0
1640714400000,148.68,148.77,146.79,147.65,90127.968,1640717999999,13313118.95667,22924,45379.909,6703165.06886,0
1640718000000,147.66,147.66,144.31,146.40,156845.070,1640721599999,22866738.45643,43139,66950.944,9764786.05481,0
1640721600000,146.40,147.91,145.68,147.01,70195.202,1640725199999,10310755.79618,19232,33509.203,4922774.78059,0
1640725200000,147.00,147.40,145.45,145.87,50744.473,1640728799999,7438340.37584,14717,25280.562,3706664.90449,0
1640728800000,145.86,146.58,144.73,146.42,51231.771,1640732399999,7464537.28321,15237,24289.321,3539477.11720,0
1640732400000,146.43,146.80,145.39,145.57,57659.453,1640735999999,8435363.71568,13350,27174.970,3977254.93482,0
1640736000000,145.59,146.98,145.07,146.91,80860.790,1640739599999,11809245.43741,16947,41076.544,6000367.69404,0
1640739600000,146.92,147.24,146.08,146.32,50501.567,1640743199999,7410105.08759,12517,25061.032,3677569.65776,0
1640743200000,146.29,147.77,146.23,147.67,44237.583,1640746799999,6504382.06418,11246,28371.444,4171336.29236,0
1640746800000,147.68,148.64,147.32,148.54,71598.234,1640750399999,10591043.88123,17252,39798.216,5887437.94841,0
1640750400000,148.54,148.84,147.81,147.85,60737.496,1640753999999,9016803.13340,15647,38550.658,5724126.42714,0
1640754000000,147.85,148.19,147.17,147.62,41779.273,1640757599999,6168081.69375,12304,19420.119,2867260.35060,0
1640757600000,147.60,148.20,147.22,147.89,37220.890,1640761199999,5500014.74311,11267,15766.756,2330085.71481,0
1640761200000,147.89,148.30,146.95,147.61,44944.588,1640764799999,6634809.72675,13256,19546.114,2885850.80816,0
1640764800000,147.61,149.80,147.43,149.04,79327.004,1640768399999,11801368.25048,19800,40562.156,6036061.34786,0
1640768400000,149.04,150.39,147.75,149.66,94982.336,1640771999999,14154223.71525,22943,41686.309,6212079.70255,0
1640772000000,149.65,150.00,148.65,149.10,43333.074,1640775599999,6471183.89542,16404,20257.742,3025544.39608,0
1640775600000,149.09,149.62,148.15,149.50,54362.848,1640779199999,8096962.21578,15412,26256.818,3910975.50529,0
1640779200000,149.49,149.54,145.69,146.69,162192.400,1640782799999,23838803.00921,38970,70007.933,10287727.09009,0
1640782800000,146.70,149.50,145.20,148.83,142783.472,1640786399999,21036402.05828,34473,69691.371,10266744.41819,0
1640786400000,148.83,150.98,148.37,150.05,135152.145,1640789999999,20229422.61094,33485,68374.556,10235195.63389,0
1640790000000,150.03,150.60,149.35,149.95,76614.004,1640793599999,11483834.67781,19662,38147.574,5718603.84151,0
1640793600000,149.98,150.19,148.34,149.02,61949.617,1640797199999,9238102.92234,18044,29799.354,4443698.62017,0
1640797200000,149.03,149.07,147.37,148.73,84097.786,1640800799999,12480774.77034,18977,42201.700,6265323.07189,0
1640800800000,148.72,150.28,148.49,148.81,78252.071,1640804399999,11689604.89294,18773,41516.993,6200901.09443,0
1640804400000,148.82,148.96,147.12,147.72,61946.875,1640807999999,9162896.92145,15919,28141.510,4163793.55765,0
1640808000000,147.71,150.25,147.50,148.90,74629.128,1640811599999,11128498.40359,19986,33946.035,5062678.70396,0
1640811600000,148.93,149.04,147.69,148.61,60293.045,1640815199999,8942815.57587,15279,28003.693,4153659.09808,0
1640815200000,148.61,149.62,148.00,148.66,38337.181,1640818799999,5701810.74912,12378,18579.195,2763039.24805,0
1640818800000,148.65,149.14,144.00,145.51,231518.626,1640822399999,33738884.89283,48344,101027.187,14716399.40006,0
1640822400000,145.51,146.94,142.51,146.27,228365.605,1640825999999,33101014.92230,46110,114890.052,16662422.17855,0
1640826000000,146.27,146.61,145.14,146.11,61415.145,1640829599999,8957947.67209,16374,29425.607,4292033.29252,0
1640829600000,146.11,146.29,144.59,145.86,73473.633,1640833199999,10682777.63460,16109,36331.811,5282631.36655,0
1640833200000,145.86,146.09,144.61,144.85,50408.495,1640836799999,7328173.72593,13509,22406.897,3257943.45611,0
1640836800000,144.85,146.40,144.74,145.60,73561.532,1640840399999,10733779.82573,16007,35608.870,5196504.82224,0
1640840400000,145.59,145.99,145.04,145.86,43233.252,1640843999999,6292996.74891,10142,21278.506,3097613.05358,0
1640844000000,145.85,146.79,145.42,146.57,55665.848,1640847599999,8130735.76476,13018,25842.089,3775993.66068,0
1640847600000,146.56,147.28,146.17,146.82,47862.466,1640851199999,7028484.77216,13917,24423.589,3586430.56281,0
1640851200000,146.82,147.59,145.71,145.81,42900.519,1640854799999,6294338.33240,13651,19170.402,2814082.29612,0
1640854800000,145.81,147.04,145.81,146.09,42425.322,1640858399999,6208242.21450,12324,22145.688,3240886.12163,0
1640858400000,146.10,146.97,145.86,146.86,32996.732,1640861999999,4833035.11283,11256,18206.086,2666738.61375,0
1640862000000,146.87,148.76,146.72,148.23,78852.544,1640865599999,11655957.93031,19497,35812.520,5292882.17969,0
1640865600000,148.23,149.36,147.70,148.66,75430.515,1640869199999,11217378.97230,22746,37002.874,5502834.36182,0
1640869200000,148.63,148.81,147.43,147.56,53154.524,1640872799999,7874309.58641,16184,25073.736,3715169.56715,0
1640872800000,147.57,148.50,147.12,148.33,49424.829,1640876399999,7305962.78008,16841,23994.337,3547069.47855,0
1640876400000,148.32,148.81,147.73,147.84,38988.493,1640879999999,5785633.31629,13162,19607.867,2910071.12692,0
1640880000000,147.86,149.90,147.77,149.46,56410.633,1640883599999,8403485.60151,17211,28848.293,4297359.07705,0
1640883600000,149.48,149.84,149.02,149.35,36808.438,1640887199999,5498193.42069,12355,17851.962,2666765.73603,0
1640887200000,149.34,149.72,148.64,149.49,33109.661,1640890799999,4937284.35205,11360,18178.919,2710768.39091,0
1640890800000,149.49,149.65,148.58,148.67,32285.326,1640894399999,4817707.87426,10382,15814.930,2360576.50230,0
1640894400000,148.67,149.19,147.00,147.92,53606.386,1640897999999,7937872.70608,16568,26851.842,3977120.93360,0
1640898000000,147.94,148.23,146.73,147.70,43862.647,1640901599999,6474629.86911,14832,20767.485,3066658.03374,0
1640901600000,147.70,148.00,146.30,147.43,34658.486,1640905199999,5104820.00447,12080,17553.073,2586087.18171,0
1640905200000,147.44,148.15,147.14,147.88,42983.399,1640908799999,6347466.46674,12093,21827.208,3224192.77305,0
1640908800000,147.89,149.36,146.73,147.66,108604.210,1640912399999,16085097.69910,22476,57848.297,8570648.38206,0
1640912400000,147.65,148.81,146.68,148.00,49229.103,1640915999999,7279645.66804,14207,23201.374,3430722.53167,0
1640916000000,148.01,148.01,147.13,147.66,33870.921,1640919599999,4997998.64100,11058,17969.291,2651694.96179,0
1640919600000,147.67,148.46,147.25,148.27,30052.035,1640923199999,4445345.28340,10523,14626.856,2163771.91292,0
1640923200000,148.29,149.18,148.19,148.51,39294.118,1640926799999,5842308.65635,12497,19202.206,2855321.28531,0
1640926800000,148.53,148.87,148.01,148.14,25084.247,1640930399999,3724052.44095,8890,12899.150,1915127.19162,0
1640930400000,148.14,149.00,147.72,148.50,37406.412,1640933999999,5547877.25635,10801,20663.835,3064901.24784,0
1640934000000,148.46,148.77,146.61,148.06,55569.575,1640937599999,8189513.06635,15502,26844.689,3957136.26607,0
1640937600000,148.07,152.74,147.61,151.99,217976.161,1640941199999,32885025.80557,48393,113506.713,17119079.52027,0
1640941200000,151.99,152.40,151.22,151.43,63194.638,1640944799999,9593892.74215,21092,28176.103,4277403.38521,0
1640944800000,151.44,151.97,150.53,150.91,49574.987,1640948399999,7508124.08072,15183,22771.880,3449820.58801,0
1640948400000,150.91,151.78,150.34,150.74,44790.153,1640951999999,6769619.99097,14586,20710.216,3130567.99379,0
1640952000000,150.74,151.44,150.36,150.90,41584.423,1640955599999,6273666.07661,13840,19586.472,2955524.78575,0
1640955600000,150.90,151.14,150.37,150.54,25679.078,1640959199999,3871404.83597,9632,13415.891,2022805.74990,0
1640959200000,150.54,151.21,150.10,150.37,38836.035,1640962799999,5848036.50301,13356,18382.257,2768187.47822,0
1640962800000,150.36,150.81,149.79,150.37,38664.764,1640966399999,5811867.99390,11998,18126.126,2724983.90270,0
1640966400000,150.37,150.49,148.02,148.45,70890.092,1640969999999,10590661.85352,19000,32396.701,4839923.17412,0
1640970000000,148.44,148.72,146.66,147.60,81597.697,1640973599999,12051330.93926,23687,37548.920,5545792.89937,0
1640973600000,147.60,147.72,146.09,146.74,55785.552,1640977199999,8202928.89891,16016,25433.841,3741125.71805,0
1640977200000,146.75,146.84,143.62,143.90,122862.060,1640980799999,17830498.41776,37920,50231.947,7290398.24877,0
1640980800000,143.90,145.46,143.70,144.02,66978.664,1640984399999,9684357.53376,20153,32496.223,4699763.30551,0
1640984400000,144.05,146.67,143.96,146.11,60943.151,1640987999999,8861320.81667,18238,32525.574,4728910.34157,0
1640988000000,146.11,147.07,145.73,146.06,34187.666,1640991599999,5002695.78954,11213,13287.123,1945136.37337,0
1640991600000,146.07,146.86,145.95,146.17,24099.022,1640995199999,3529674.74880,9069,11556.680,1692806.64667,0
